180
-0.025479  0.100000 -0.000000  0.656250 -0.843750 -1.000000  0.000000 -0.000000
-0.025479  0.080902  0.058779  0.626409 -0.935591 -1.000000  0.000000 -0.000000
-0.025479  0.000000 -0.000000  0.500000 -0.837500 -1.000000 -0.000000 -0.000000
-0.025479  0.080902 -0.058779  0.626409 -0.751909 -1.000000  0.000000 -0.000000
-0.025479  0.100000 -0.000000  0.656250 -0.843750 -1.000000  0.000000 -0.000000
-0.025479  0.000000 -0.000000  0.500000 -0.837500 -1.000000 -0.000000 -0.000000
-0.025479  0.030902 -0.095106  0.548284 -0.695147 -1.000000  0.000000 -0.000000
-0.025479  0.080902 -0.058779  0.626409 -0.751909 -1.000000  0.000000 -0.000000
-0.025479  0.000000 -0.000000  0.500000 -0.837500 -1.000000 -0.000000 -0.000000
-0.025479 -0.030902 -0.095106  0.451716 -0.695147 -1.000000  0.000000 -0.000000
-0.025479  0.030902 -0.095106  0.548284 -0.695147 -1.000000  0.000000 -0.000000
-0.025479  0.000000 -0.000000  0.500000 -0.837500 -1.000000 -0.000000 -0.000000
-0.025479 -0.080902 -0.058779  0.373591 -0.751909 -1.000000 -0.000001 -0.000000
-0.025479 -0.030902 -0.095106  0.451716 -0.695147 -1.000000  0.000000 -0.000000
-0.025479  0.000000 -0.000000  0.500000 -0.837500 -1.000000 -0.000000 -0.000000
-0.025479 -0.100000 -0.000000  0.343750 -0.843750 -1.000000 -0.000001 -0.000000
-0.025479 -0.080902 -0.058779  0.373591 -0.751909 -1.000000 -0.000001 -0.000000
-0.025479  0.000000 -0.000000  0.500000 -0.837500 -1.000000 -0.000000 -0.000000
-0.025479 -0.080902  0.058779  0.373591 -0.935591 -1.000000  0.000000 -0.000000
-0.025479 -0.100000 -0.000000  0.343750 -0.843750 -1.000000 -0.000001 -0.000000
-0.025479  0.000000 -0.000000  0.500000 -0.837500 -1.000000 -0.000000 -0.000000
-0.025479 -0.030902  0.095106  0.451716 -0.992353 -1.000000  0.000000 -0.000000
-0.025479 -0.080902  0.058779  0.373591 -0.935591 -1.000000  0.000000 -0.000000
-0.025479  0.000000 -0.000000  0.500000 -0.837500 -1.000000 -0.000000 -0.000000
-0.025479  0.030902  0.095106  0.548284 -0.992353 -1.000000  0.000000 -0.000000
-0.025479 -0.030902  0.095106  0.451716 -0.992353 -1.000000  0.000000 -0.000000
-0.025479  0.000000 -0.000000  0.500000 -0.837500 -1.000000 -0.000000 -0.000000
-0.025479  0.080902  0.058779  0.626409 -0.935591 -1.000000  0.000000 -0.000000
-0.025479  0.030902  0.095106  0.548284 -0.992353 -1.000000  0.000000 -0.000000
-0.025479  0.000000 -0.000000  0.500000 -0.837500 -1.000000 -0.000000 -0.000000
 4.474521  0.080902  0.058779  0.625000 -0.324627  0.000000  0.951057  0.309017
-0.025479  0.080902  0.058779  0.625000 -0.688440  0.000000  0.951057  0.309017
 4.474521  0.100000 -0.000000  0.600000 -0.324627  0.000000  0.951057  0.309017
 4.474521  0.100000 -0.000000  0.600000 -0.324627  0.000000  0.951057  0.309017
-0.025479  0.080902  0.058779  0.625000 -0.688440  0.000000  0.951057  0.309017
-0.025479  0.100000 -0.000000  0.600000 -0.688440  0.000000  0.951057  0.309017
 4.474521  0.100000 -0.000000  0.600000 -0.324627  0.000000  0.951057 -0.309017
-0.025479  0.100000 -0.000000  0.600000 -0.688440  0.000000  0.951057 -0.309017
 4.474521  0.080902 -0.058779  0.575000 -0.324627  0.000000  0.951057 -0.309017
 4.474521  0.080902 -0.058779  0.575000 -0.324627  0.000000  0.951057 -0.309017
-0.025479  0.100000 -0.000000  0.600000 -0.688440  0.000000  0.951057 -0.309017
-0.025479  0.080902 -0.058779  0.575000 -0.688440  0.000000  0.951057 -0.309017
 4.474521  0.080902 -0.058779  0.575000 -0.324627  0.000000  0.587785 -0.809017
-0.025479  0.080902 -0.058779  0.575000 -0.688440  0.000000  0.587785 -0.809017
 4.474521  0.030902 -0.095106  0.550000 -0.324627  0.000000  0.587785 -0.809017
 4.474521  0.030902 -0.095106  0.550000 -0.324627  0.000000  0.587785 -0.809017
-0.025479  0.080902 -0.058779  0.575000 -0.688440  0.000000  0.587785 -0.809017
-0.025479  0.030902 -0.095106  0.550000 -0.688440  0.000000  0.587785 -0.809017
 4.474521  0.030902 -0.095106  0.550000 -0.324627  0.000000  0.000000 -1.000000
-0.025479  0.030902 -0.095106  0.550000 -0.688440  0.000000  0.000000 -1.000000
 4.474521 -0.030902 -0.095106  0.525000 -0.324627  0.000000  0.000000 -1.000000
 4.474521 -0.030902 -0.095106  0.525000 -0.324627  0.000000  0.000000 -1.000000
-0.025479  0.030902 -0.095106  0.550000 -0.688440  0.000000  0.000000 -1.000000
-0.025479 -0.030902 -0.095106  0.525000 -0.688440  0.000000  0.000000 -1.000000
 4.474521 -0.030902 -0.095106  0.525000 -0.324627  0.000000 -0.587785 -0.809017
-0.025479 -0.030902 -0.095106  0.525000 -0.688440  0.000000 -0.587785 -0.809017
 4.474521 -0.080902 -0.058779  0.500000 -0.324627  0.000000 -0.587785 -0.809017
 4.474521 -0.080902 -0.058779  0.500000 -0.324627  0.000000 -0.587785 -0.809017
-0.025479 -0.030902 -0.095106  0.525000 -0.688440  0.000000 -0.587785 -0.809017
-0.025479 -0.080902 -0.058779  0.500000 -0.688440  0.000000 -0.587785 -0.809017
 4.474521 -0.080902 -0.058779  0.500000 -0.324627  0.000000 -0.951056 -0.309017
-0.025479 -0.080902 -0.058779  0.500000 -0.688440  0.000000 -0.951056 -0.309017
 4.474521 -0.100000 -0.000000  0.475000 -0.324627  0.000000 -0.951056 -0.309017
 4.474521 -0.100000 -0.000000  0.475000 -0.324627  0.000000 -0.951056 -0.309017
-0.025479 -0.080902 -0.058779  0.500000 -0.688440  0.000000 -0.951056 -0.309017
-0.025479 -0.100000 -0.000000  0.475000 -0.688440  0.000000 -0.951057 -0.309017
 4.474521 -0.100000 -0.000000  0.475000 -0.324627  0.000000 -0.951057  0.309017
-0.025479 -0.100000 -0.000000  0.475000 -0.688440  0.000000 -0.951057  0.309017
 4.474521 -0.080902  0.058779  0.450000 -0.324627  0.000000 -0.951057  0.309017
 4.474521 -0.080902  0.058779  0.450000 -0.324627  0.000000 -0.951057  0.309017
-0.025479 -0.100000 -0.000000  0.475000 -0.688440  0.000000 -0.951057  0.309017
-0.025479 -0.080902  0.058779  0.450000 -0.688440  0.000000 -0.951057  0.309017
 4.474521 -0.080902  0.058779  0.450000 -0.324627  0.000000 -0.587785  0.809017
-0.025479 -0.080902  0.058779  0.450000 -0.688440  0.000000 -0.587785  0.809017
 4.474521 -0.030902  0.095106  0.425000 -0.324627  0.000000 -0.587785  0.809017
 4.474521 -0.030902  0.095106  0.425000 -0.324627  0.000000 -0.587785  0.809017
-0.025479 -0.080902  0.058779  0.450000 -0.688440  0.000000 -0.587785  0.809017
-0.025479 -0.030902  0.095106  0.425000 -0.688440  0.000000 -0.587785  0.809017
 4.474521 -0.030902  0.095106  0.425000 -0.324627  0.000000  0.000000  1.000000
-0.025479 -0.030902  0.095106  0.425000 -0.688440  0.000000  0.000000  1.000000
 4.474521  0.030902  0.095106  0.400000 -0.324627  0.000000  0.000000  1.000000
 4.474521  0.030902  0.095106  0.400000 -0.324627  0.000000  0.000000  1.000000
-0.025479 -0.030902  0.095106  0.425000 -0.688440  0.000000  0.000000  1.000000
-0.025479  0.030902  0.095106  0.400000 -0.688440  0.000000  0.000000  1.000000
 4.474521  0.030902  0.095106  0.400000 -0.324627  0.000000  0.587785  0.809017
-0.025479  0.030902  0.095106  0.400000 -0.688440  0.000000  0.587785  0.809017
 4.474521  0.080902  0.058779  0.375000 -0.324627  0.000000  0.587785  0.809017
 4.474521  0.080902  0.058779  0.375000 -0.324627  0.000000  0.587785  0.809017
-0.025479  0.030902  0.095106  0.400000 -0.688440  0.000000  0.587785  0.809017
-0.025479  0.080902  0.058779  0.375000 -0.688440  0.000000  0.587785  0.809017
 4.474521 -0.200000 -0.000000  0.700000 -0.500000  0.186861 -0.934305  0.303574
 4.474521 -0.161803  0.117557  0.750000 -0.500000  0.186861 -0.934305  0.303574
 5.974521  0.000000 -0.000000  0.500000 -1.000000  0.186861 -0.934305  0.303574
 4.474521 -0.161803 -0.117557  0.650000 -0.500000  0.186861 -0.934305 -0.303574
 4.474521 -0.200000 -0.000000  0.700000 -0.500000  0.186861 -0.934305 -0.303574
 5.974521  0.000000 -0.000000  0.500000 -1.000000  0.186861 -0.934305 -0.303574
 4.474521 -0.061803 -0.190211  0.600000 -0.500000  0.186861 -0.577432 -0.794767
 4.474521 -0.161803 -0.117557  0.650000 -0.500000  0.186861 -0.577432 -0.794767
 5.974521  0.000000 -0.000000  0.500000 -1.000000  0.186861 -0.577432 -0.794767
 4.474521  0.061803 -0.190211  0.550000 -0.500000  0.186861  0.000000 -0.982386
 4.474521 -0.061803 -0.190211  0.600000 -0.500000  0.186861  0.000000 -0.982386
 5.974521  0.000000 -0.000000  0.500000 -1.000000  0.186861  0.000000 -0.982386
 4.474521  0.161803 -0.117557  0.500000 -0.500000  0.186861  0.577432 -0.794767
 4.474521  0.061803 -0.190211  0.550000 -0.500000  0.186861  0.577432 -0.794767
 5.974521  0.000000 -0.000000  0.500000 -1.000000  0.186861  0.577432 -0.794767
 4.474521  0.200000 -0.000000  0.450000 -0.500000  0.186861  0.934305 -0.303574
 4.474521  0.161803 -0.117557  0.500000 -0.500000  0.186861  0.934305 -0.303574
 5.974521  0.000000 -0.000000  0.500000 -1.000000  0.186861  0.934305 -0.303574
 4.474521  0.161803  0.117557  0.400000 -0.500000  0.186861  0.934305  0.303574
 4.474521  0.200000 -0.000000  0.450000 -0.500000  0.186861  0.934305  0.303574
 5.974521  0.000000 -0.000000  0.500000 -1.000000  0.186861  0.934305  0.303574
 4.474521  0.061803  0.190211  0.350000 -0.500000  0.186861  0.577432  0.794767
 4.474521  0.161803  0.117557  0.400000 -0.500000  0.186861  0.577432  0.794767
 5.974521  0.000000 -0.000000  0.500000 -1.000000  0.186861  0.577432  0.794767
 4.474521 -0.061803  0.190211  0.300000 -0.500000  0.186861  0.000000  0.982386
 4.474521  0.061803  0.190211  0.350000 -0.500000  0.186861  0.000000  0.982386
 5.974521  0.000000 -0.000000  0.500000 -1.000000  0.186861  0.000000  0.982386
 4.474521 -0.161803  0.117557  0.250000 -0.500000  0.186861 -0.577432  0.794767
 4.474521 -0.061803  0.190211  0.300000 -0.500000  0.186861 -0.577432  0.794767
 5.974521  0.000000 -0.000000  0.500000 -1.000000  0.186861 -0.577432  0.794767
 4.474521 -0.161803  0.117557  0.702254 -0.103054 -1.000000  0.000000 -0.000000
 4.474521 -0.200000 -0.000000  0.750000 -0.250000 -1.000000  0.000001 -0.000000
 4.474521 -0.061803  0.190211  0.577254 -0.012236 -1.000000  0.000002 -0.000000
 4.474521 -0.200000 -0.000000  0.750000 -0.250000 -1.000000  0.000001 -0.000000
 4.474521 -0.161803 -0.117557  0.702254 -0.396946 -1.000000 -0.000002 -0.000000
 4.474521 -0.061803  0.190211  0.577254 -0.012236 -1.000000  0.000002 -0.000000
 4.474521 -0.161803 -0.117557  0.702254 -0.396946 -1.000000 -0.000002 -0.000000
 4.474521 -0.100000 -0.000000  0.625000 -0.250000 -1.000000  0.000004 -0.000000
 4.474521 -0.061803  0.190211  0.577254 -0.012236 -1.000000  0.000002 -0.000000
 4.474521 -0.100000 -0.000000  0.625000 -0.250000 -1.000000  0.000004 -0.000000
 4.474521 -0.080902  0.058779  0.601127 -0.176527 -1.000000  0.000011 -0.000000
 4.474521 -0.061803  0.190211  0.577254 -0.012236 -1.000000  0.000002 -0.000000
 4.474521 -0.080902  0.058779  0.601127 -0.176527 -1.000000  0.000011 -0.000000
 4.474521 -0.030902  0.095106  0.538627 -0.131118 -1.000000  0.000000 -0.000000
 4.474521 -0.061803  0.190211  0.577254 -0.012236 -1.000000  0.000002 -0.000000
 4.474521 -0.100000 -0.000000  0.625000 -0.250000 -1.000000  0.000004 -0.000000
 4.474521 -0.161803 -0.117557  0.702254 -0.396946 -1.000000 -0.000002 -0.000000
 4.474521 -0.080902 -0.058779  0.601127 -0.323473 -1.000000  0.000000 -0.000000
 4.474521 -0.161803 -0.117557  0.702254 -0.396946 -1.000000 -0.000002 -0.000000
 4.474521 -0.061803 -0.190211  0.577254 -0.487764 -1.000000  0.000000 -0.000000
 4.474521 -0.080902 -0.058779  0.601127 -0.323473 -1.000000  0.000000 -0.000000
 4.474521 -0.080902 -0.058779  0.601127 -0.323473 -1.000000  0.000000 -0.000000
 4.474521 -0.061803 -0.190211  0.577254 -0.487764 -1.000000  0.000000 -0.000000
 4.474521 -0.030902 -0.095106  0.538627 -0.368882 -1.000000  0.000000 -0.000000
 4.474521 -0.061803 -0.190211  0.577254 -0.487764 -1.000000  0.000000 -0.000000
 4.474521  0.061803 -0.190211  0.422746 -0.487764 -1.000000  0.000000 -0.000000
 4.474521 -0.030902 -0.095106  0.538627 -0.368882 -1.000000  0.000000 -0.000000
 4.474521 -0.030902 -0.095106  0.538627 -0.368882 -1.000000  0.000000 -0.000000
 4.474521  0.061803 -0.190211  0.422746 -0.487764 -1.000000  0.000000 -0.000000
 4.474521  0.030902 -0.095106  0.461373 -0.368882 -1.000000  0.000000 -0.000000
 4.474521  0.061803 -0.190211  0.422746 -0.487764 -1.000000  0.000000 -0.000000
 4.474521  0.161803 -0.117557  0.297746 -0.396946 -1.000000 -0.000000 -0.000000
 4.474521  0.030902 -0.095106  0.461373 -0.368882 -1.000000  0.000000 -0.000000
 4.474521  0.030902 -0.095106  0.461373 -0.368882 -1.000000  0.000000 -0.000000
 4.474521  0.161803 -0.117557  0.297746 -0.396946 -1.000000 -0.000000 -0.000000
 4.474521  0.080902 -0.058779  0.398873 -0.323473 -1.000000 -0.000000 -0.000000
 4.474521  0.161803 -0.117557  0.297746 -0.396946 -1.000000 -0.000000 -0.000000
 4.474521  0.200000 -0.000000  0.250000 -0.250000 -1.000000 -0.000000 -0.000000
 4.474521  0.080902 -0.058779  0.398873 -0.323473 -1.000000 -0.000000 -0.000000
 4.474521  0.080902 -0.058779  0.398873 -0.323473 -1.000000 -0.000000 -0.000000
 4.474521  0.200000 -0.000000  0.250000 -0.250000 -1.000000 -0.000000 -0.000000
 4.474521  0.100000 -0.000000  0.375000 -0.250000 -1.000000  0.000000 -0.000000
 4.474521  0.200000 -0.000000  0.250000 -0.250000 -1.000000 -0.000000 -0.000000
 4.474521  0.161803  0.117557  0.297746 -0.103054 -1.000000 -0.000000 -0.000000
 4.474521  0.100000 -0.000000  0.375000 -0.250000 -1.000000  0.000000 -0.000000
 4.474521  0.100000 -0.000000  0.375000 -0.250000 -1.000000  0.000000 -0.000000
 4.474521  0.161803  0.117557  0.297746 -0.103054 -1.000000 -0.000000 -0.000000
 4.474521  0.080902  0.058779  0.398873 -0.176527 -1.000000  0.000000 -0.000000
 4.474521  0.161803  0.117557  0.297746 -0.103054 -1.000000 -0.000000 -0.000000
 4.474521  0.061803  0.190211  0.422746 -0.012236 -1.000000  0.000000 -0.000000
 4.474521  0.080902  0.058779  0.398873 -0.176527 -1.000000  0.000000 -0.000000
 4.474521  0.080902  0.058779  0.398873 -0.176527 -1.000000  0.000000 -0.000000
 4.474521  0.061803  0.190211  0.422746 -0.012236 -1.000000  0.000000 -0.000000
 4.474521  0.030902  0.095106  0.461373 -0.131118 -1.000000  0.000000 -0.000000
 4.474521  0.061803  0.190211  0.422746 -0.012236 -1.000000  0.000000 -0.000000
 4.474521 -0.061803  0.190211  0.577254 -0.012236 -1.000000  0.000002 -0.000000
 4.474521  0.030902  0.095106  0.461373 -0.131118 -1.000000  0.000000 -0.000000
 4.474521 -0.030902  0.095106  0.538627 -0.131118 -1.000000  0.000000 -0.000000
 4.474521  0.030902  0.095106  0.461373 -0.131118 -1.000000  0.000000 -0.000000
 4.474521 -0.061803  0.190211  0.577254 -0.012236 -1.000000  0.000002 -0.000000