162
-0.119445  0.500000 -0.119445  0.488055 -0.488056 -0.000000  0.277350  0.960769
 0.000000  0.086230  0.000000  0.500000 -0.500000 -0.000000  0.277350  0.960769
-4.880555  0.500000 -0.119445  0.488055 -0.011945 -0.000000  0.277350  0.960769
-4.880555  0.500000 -0.119445  0.488055 -0.011945 -0.000000  0.277350  0.960769
 0.000000  0.086230  0.000000  0.500000 -0.500000 -0.000000  0.277350  0.960769
-5.000000  0.086230  0.000000  0.500000 -0.000000  0.000000  0.277350  0.960769
-4.880555  0.500000  0.119445  0.511944 -0.011945  0.000000  0.277350 -0.960769
-5.000000  0.086230  0.000000  0.500000 -0.000000  0.000000  0.277350 -0.960769
-0.119445  0.500000  0.119445  0.511944 -0.488055  0.000000  0.277350 -0.960769
-0.119445  0.500000  0.119445  0.511944 -0.488055  0.000000  0.277350 -0.960769
-5.000000  0.086230  0.000000  0.500000 -0.000000  0.000000  0.277350 -0.960769
 0.000000  0.086230  0.000000  0.500000 -0.500000  0.000000  0.277350 -0.960769
-0.119445  0.500000  0.119445  0.511944 -0.488055  0.960769  0.277350  0.000000
 0.000000  0.086230  0.000000  0.500000 -0.500000  0.960769  0.277350  0.000000
-0.119446  0.500000  4.880555  0.988055 -0.488055  0.960769  0.277350  0.000000
-0.119446  0.500000  4.880555  0.988055 -0.488055  0.960769  0.277350  0.000000
 0.000000  0.086230  0.000000  0.500000 -0.500000  0.960769  0.277350  0.000000
-0.000001  0.086230  5.000000  1.000000 -0.500000  0.960769  0.277350  0.000000
 0.119444  0.500000  4.880555  0.988055 -0.511944 -0.960769  0.277350 -0.000000
-0.000001  0.086230  5.000000  1.000000 -0.500000 -0.960769  0.277350 -0.000000
 0.119445  0.500000  0.119445  0.511944 -0.511945 -0.960769  0.277350 -0.000000
 0.119445  0.500000  0.119445  0.511944 -0.511945 -0.960769  0.277350 -0.000000
-0.000001  0.086230  5.000000  1.000000 -0.500000 -0.960769  0.277350 -0.000000
 0.000000  0.086230  0.000000  0.500000 -0.500000 -0.960769  0.277350 -0.000000
 0.119445  0.500000  0.119445  0.511944 -0.511945  0.000000  0.277350 -0.960769
 0.000000  0.086230  0.000000  0.500000 -0.500000  0.000000  0.277350 -0.960769
 4.880555  0.500000  0.119445  0.511944 -0.988055  0.000000  0.277350 -0.960769
 4.880555  0.500000  0.119445  0.511944 -0.988055  0.000000  0.277350 -0.960769
 0.000000  0.086230  0.000000  0.500000 -0.500000  0.000000  0.277350 -0.960769
 5.000000  0.086230  0.000000  0.500000 -1.000000  0.000000  0.277350 -0.960769
 4.880555  0.500000 -0.119445  0.488055 -0.988055 -0.000000  0.277350  0.960769
 5.000000  0.086230  0.000000  0.500000 -1.000000 -0.000000  0.277350  0.960769
 0.119445  0.500000 -0.119445  0.488055 -0.511945 -0.000000  0.277350  0.960769
 0.119445  0.500000 -0.119445  0.488055 -0.511945 -0.000000  0.277350  0.960769
 5.000000  0.086230  0.000000  0.500000 -1.000000 -0.000000  0.277350  0.960769
 0.000000  0.086230  0.000000  0.500000 -0.500000  0.000000  0.277350  0.960769
 0.119445  0.500000 -0.119445  0.488055 -0.511945 -0.960769  0.277350  0.000000
 0.000000  0.086230  0.000000  0.500000 -0.500000 -0.960769  0.277350  0.000000
 0.119445  0.500000 -4.880555  0.011944 -0.511944 -0.960769  0.277350  0.000000
 0.119445  0.500000 -4.880555  0.011944 -0.511944 -0.960769  0.277350  0.000000
 0.000000  0.086230  0.000000  0.500000 -0.500000 -0.960769  0.277350  0.000000
-0.000000  0.086230 -5.000000 -0.000000 -0.500000 -0.960769  0.277350  0.000000
-0.119445  0.500000 -4.880555  0.011944 -0.488055  0.960769  0.277350 -0.000000
-0.000000  0.086230 -5.000000 -0.000000 -0.500000  0.960769  0.277350 -0.000000
-0.119445  0.500000 -0.119445  0.488055 -0.488056  0.960769  0.277350 -0.000000
-0.119445  0.500000 -0.119445  0.488055 -0.488056  0.960769  0.277350 -0.000000
-0.000000  0.086230 -5.000000 -0.000000 -0.500000  0.960769  0.277350 -0.000000
 0.000000  0.086230  0.000000  0.500000 -0.500000  0.960769  0.277350 -0.000000
-5.000000  0.086230 -5.000000 -0.000000  0.000000 -0.990144  0.140055 -0.000000
-4.880556  0.500000 -4.880555  0.011944 -0.011944 -0.960769  0.277349  0.000000
-5.000000  0.086230  0.000000  0.500000 -0.000000 -0.985787  0.167999  0.000000
-5.000000  0.086230  0.000000  0.500000 -0.000000 -0.985787  0.167999  0.000000
-4.880556  0.500000 -4.880555  0.011944 -0.011944 -0.960769  0.277349  0.000000
-4.880555  0.500000 -0.119445  0.488055 -0.011945 -0.960769  0.277350  0.000000
-5.000000  0.086230  0.000000  0.500000 -0.000000 -0.985787  0.167999  0.000000
-4.880555  0.500000  0.119445  0.511944 -0.011945 -0.960769  0.277349 -0.000000
-5.000000  0.086231  5.000000  1.000000 -0.000000 -0.990144  0.140055 -0.000000
-5.000000  0.086231  5.000000  1.000000 -0.000000 -0.990144  0.140055 -0.000000
-4.880555  0.500000  0.119445  0.511944 -0.011945 -0.960769  0.277349 -0.000000
-4.880556  0.500000  4.880555  0.988055 -0.011944 -0.960769  0.277350 -0.000000
-0.119446  0.500000  4.880555  0.988055 -0.488055  0.000000  0.277350  0.960769
-0.000001  0.086230  5.000000  1.000000 -0.500000  0.000000  0.167999  0.985787
-4.880556  0.500000  4.880555  0.988055 -0.011944  0.000000  0.277350  0.960769
-4.880556  0.500000  4.880555  0.988055 -0.011944  0.000000  0.277350  0.960769
-0.000001  0.086230  5.000000  1.000000 -0.500000  0.000000  0.167999  0.985787
-5.000000  0.086231  5.000000  1.000000 -0.000000  0.000000  0.140056  0.990144
 4.880554  0.500000  4.880555  0.988055 -0.988055  0.000000  0.277349  0.960769
 5.000000  0.086229  5.000000  1.000000 -1.000000  0.000000  0.140055  0.990144
 0.119444  0.500000  4.880555  0.988055 -0.511944  0.000000  0.277349  0.960769
 0.119444  0.500000  4.880555  0.988055 -0.511944  0.000000  0.277349  0.960769
 5.000000  0.086229  5.000000  1.000000 -1.000000  0.000000  0.140055  0.990144
-0.000001  0.086230  5.000000  1.000000 -0.500000  0.000000  0.167999  0.985787
 5.000000  0.086229  5.000000  1.000000 -1.000000  0.990144  0.140056  0.000000
 4.880554  0.500000  4.880555  0.988055 -0.988055  0.960769  0.277352  0.000000
 5.000000  0.086230  0.000000  0.500000 -1.000000  0.985787  0.168000  0.000000
 5.000000  0.086230  0.000000  0.500000 -1.000000  0.985787  0.168000  0.000000
 4.880554  0.500000  4.880555  0.988055 -0.988055  0.960769  0.277352  0.000000
 4.880555  0.500000  0.119445  0.511944 -0.988055  0.960768  0.277352  0.000000
 5.000000  0.086230  0.000000  0.500000 -1.000000  0.985787  0.168000  0.000000
 4.880555  0.500000 -0.119445  0.488055 -0.988055  0.960769  0.277349 -0.000000
 5.000000  0.086231 -5.000000 -0.000000 -1.000000  0.990144  0.140055 -0.000000
 5.000000  0.086231 -5.000000 -0.000000 -1.000000  0.990144  0.140055 -0.000000
 4.880555  0.500000 -0.119445  0.488055 -0.988055  0.960769  0.277349 -0.000000
 4.880555  0.500000 -4.880555  0.011944 -0.988055  0.960769  0.277350 -0.000000
 5.000000  0.086231 -5.000000 -0.000000 -1.000000  0.000000  0.140055 -0.990144
 4.880555  0.500000 -4.880555  0.011944 -0.988055  0.000000  0.277350 -0.960769
-0.000000  0.086230 -5.000000 -0.000000 -0.500000  0.000000  0.167999 -0.985787
-0.000000  0.086230 -5.000000 -0.000000 -0.500000  0.000000  0.167999 -0.985787
 4.880555  0.500000 -4.880555  0.011944 -0.988055  0.000000  0.277350 -0.960769
 0.119445  0.500000 -4.880555  0.011944 -0.511944  0.000000  0.277350 -0.960769
-0.000000  0.086230 -5.000000 -0.000000 -0.500000  0.000000  0.167999 -0.985787
-0.119445  0.500000 -4.880555  0.011944 -0.488055  0.000000  0.277350 -0.960769
-5.000000  0.086230 -5.000000 -0.000000  0.000000  0.000000  0.140055 -0.990144
-5.000000  0.086230 -5.000000 -0.000000  0.000000  0.000000  0.140055 -0.990144
-0.119445  0.500000 -4.880555  0.011944 -0.488055  0.000000  0.277350 -0.960769
-4.880556  0.500000 -4.880555  0.011944 -0.011944  0.000000  0.277349 -0.960769
 4.880554  0.500000  4.880555  0.988055 -0.988055 -0.000000  1.000000 -0.000000
 0.119444  0.500000  4.880555  0.988055 -0.511944 -0.000000  1.000000 -0.000000
 4.880555  0.500000  0.119445  0.511944 -0.988055 -0.000000  1.000000 -0.000000
 4.880555  0.500000  0.119445  0.511944 -0.988055 -0.000000  1.000000 -0.000000
 0.119444  0.500000  4.880555  0.988055 -0.511944 -0.000000  1.000000 -0.000000
 0.119445  0.500000  0.119445  0.511944 -0.511945 -0.000000  1.000000 -0.000000
-4.880556  0.500000  4.880555  0.988055 -0.011944  0.000000  1.000000 -0.000000
-4.880555  0.500000  0.119445  0.511944 -0.011945 -0.000000  1.000000  0.000000
-0.119446  0.500000  4.880555  0.988055 -0.488055 -0.000000  1.000000  0.000000
-0.119446  0.500000  4.880555  0.988055 -0.488055 -0.000000  1.000000  0.000000
-4.880555  0.500000  0.119445  0.511944 -0.011945 -0.000000  1.000000  0.000000
-0.119445  0.500000  0.119445  0.511944 -0.488055 -0.000000  1.000000  0.000000
 0.119445  0.500000 -0.119445  0.488055 -0.511945  0.000000  1.000000 -0.000000
 0.119445  0.500000 -4.880555  0.011944 -0.511944  0.000000  1.000000 -0.000000
 4.880555  0.500000 -0.119445  0.488055 -0.988055  0.000000  1.000000 -0.000000
 4.880555  0.500000 -0.119445  0.488055 -0.988055  0.000000  1.000000 -0.000000
 0.119445  0.500000 -4.880555  0.011944 -0.511944  0.000000  1.000000 -0.000000
 4.880555  0.500000 -4.880555  0.011944 -0.988055  0.000000  1.000000 -0.000000
-4.880555  0.500000 -0.119445  0.488055 -0.011945  0.000000  1.000000 -0.000000
-4.880556  0.500000 -4.880555  0.011944 -0.011944  0.000000  1.000000  0.000000
-0.119445  0.500000 -0.119445  0.488055 -0.488056  0.000000  1.000000  0.000000
-0.119445  0.500000 -0.119445  0.488055 -0.488056  0.000000  1.000000  0.000000
-4.880556  0.500000 -4.880555  0.011944 -0.011944  0.000000  1.000000  0.000000
-0.119445  0.500000 -4.880555  0.011944 -0.488055  0.000000  1.000000  0.000000
-5.000000 -0.500000  5.000000  1.000000 -0.000000  0.000000 -1.000000 -0.000000
 5.000000 -0.500000  5.000000  1.000000 -1.000000  0.000000 -1.000000 -0.000000
-5.000000 -0.500000 -5.000000 -0.000000  0.000000  0.000000 -1.000000 -0.000000
-5.000000 -0.500000 -5.000000 -0.000000  0.000000  0.000000 -1.000000 -0.000000
 5.000000 -0.500000  5.000000  1.000000 -1.000000  0.000000 -1.000000 -0.000000
 5.000000 -0.500000 -5.000000 -0.000000 -1.000000  0.000000 -1.000000 -0.000000
-5.000000 -0.500000  5.000000  1.000000 -0.000000 -1.000000  0.000000 -0.000000
-5.000000 -0.500000 -5.000000 -0.000000  0.000000 -1.000000  0.000000 -0.000000
-5.000000  0.086231  5.000000  1.000000 -0.000000 -0.990144  0.140055 -0.000000
-5.000000  0.086231  5.000000  1.000000 -0.000000 -0.990144  0.140055 -0.000000
-5.000000 -0.500000 -5.000000 -0.000000  0.000000 -1.000000  0.000000 -0.000000
-5.000000  0.086230  0.000000  0.500000 -0.000000 -0.985787  0.167999  0.000000
-5.000000  0.086230  0.000000  0.500000 -0.000000 -0.985787  0.167999  0.000000
-5.000000 -0.500000 -5.000000 -0.000000  0.000000 -1.000000  0.000000 -0.000000
-5.000000  0.086230 -5.000000 -0.000000  0.000000 -0.990144  0.140055 -0.000000
 5.000000 -0.500000  5.000000  1.000000 -1.000000  0.000000  0.000000  1.000000
-5.000000 -0.500000  5.000000  1.000000 -0.000000  0.000000  0.000000  1.000000
 5.000000  0.086229  5.000000  1.000000 -1.000000  0.000000  0.140055  0.990144
 5.000000  0.086229  5.000000  1.000000 -1.000000  0.000000  0.140055  0.990144
-5.000000 -0.500000  5.000000  1.000000 -0.000000  0.000000  0.000000  1.000000
-0.000001  0.086230  5.000000  1.000000 -0.500000  0.000000  0.167999  0.985787
-0.000001  0.086230  5.000000  1.000000 -0.500000  0.000000  0.167999  0.985787
-5.000000 -0.500000  5.000000  1.000000 -0.000000  0.000000  0.000000  1.000000
-5.000000  0.086231  5.000000  1.000000 -0.000000  0.000000  0.140056  0.990144
 5.000000 -0.500000 -5.000000 -0.000000 -1.000000  1.000000  0.000000 -0.000000
 5.000000 -0.500000  5.000000  1.000000 -1.000000  1.000000  0.000000 -0.000000
 5.000000  0.086231 -5.000000 -0.000000 -1.000000  0.990144  0.140055 -0.000000
 5.000000  0.086231 -5.000000 -0.000000 -1.000000  0.990144  0.140055 -0.000000
 5.000000 -0.500000  5.000000  1.000000 -1.000000  1.000000  0.000000 -0.000000
 5.000000  0.086230  0.000000  0.500000 -1.000000  0.985787  0.168000  0.000000
 5.000000  0.086230  0.000000  0.500000 -1.000000  0.985787  0.168000  0.000000
 5.000000 -0.500000  5.000000  1.000000 -1.000000  1.000000  0.000000 -0.000000
 5.000000  0.086229  5.000000  1.000000 -1.000000  0.990144  0.140056  0.000000
-5.000000 -0.500000 -5.000000 -0.000000  0.000000  0.000000  0.000000 -1.000000
 5.000000 -0.500000 -5.000000 -0.000000 -1.000000  0.000000  0.000000 -1.000000
-5.000000  0.086230 -5.000000 -0.000000  0.000000  0.000000  0.140055 -0.990144
-5.000000  0.086230 -5.000000 -0.000000  0.000000  0.000000  0.140055 -0.990144
 5.000000 -0.500000 -5.000000 -0.000000 -1.000000  0.000000  0.000000 -1.000000
-0.000000  0.086230 -5.000000 -0.000000 -0.500000  0.000000  0.167999 -0.985787
-0.000000  0.086230 -5.000000 -0.000000 -0.500000  0.000000  0.167999 -0.985787
 5.000000 -0.500000 -5.000000 -0.000000 -1.000000  0.000000  0.000000 -1.000000
 5.000000  0.086231 -5.000000 -0.000000 -1.000000  0.000000  0.140055 -0.990144