540
 0.250000 -0.951057  0.181636  0.000000 -0.100000  0.249423 -0.951288  0.181216
 0.095491 -0.951057  0.293893  0.100000 -0.100000  0.095271 -0.951288  0.293214
 0.475528 -0.809017  0.345492  0.000000 -0.200000  0.474753 -0.809713  0.344928
 0.475528 -0.809017  0.345492  0.000000 -0.200000  0.474753 -0.809713  0.344928
 0.095491 -0.951057  0.293893  0.100000 -0.100000  0.095271 -0.951288  0.293214
 0.181636 -0.809017  0.559017  0.100000 -0.200000  0.181339 -0.809713  0.558105
 0.095491 -0.951057  0.293893  0.100000 -0.100000  0.095271 -0.951288  0.293214
-0.095492 -0.951057  0.293893  0.200000 -0.100000 -0.095271 -0.951288  0.293214
 0.181636 -0.809017  0.559017  0.100000 -0.200000  0.181339 -0.809713  0.558105
 0.181636 -0.809017  0.559017  0.100000 -0.200000  0.181339 -0.809713  0.558105
-0.095492 -0.951057  0.293893  0.200000 -0.100000 -0.095271 -0.951288  0.293214
-0.181636 -0.809017  0.559017  0.200000 -0.200000 -0.181339 -0.809713  0.558105
-0.095492 -0.951057  0.293893  0.200000 -0.100000 -0.095271 -0.951288  0.293214
-0.250000 -0.951057  0.181636  0.300000 -0.100000 -0.249423 -0.951288  0.181216
-0.181636 -0.809017  0.559017  0.200000 -0.200000 -0.181339 -0.809713  0.558105
-0.181636 -0.809017  0.559017  0.200000 -0.200000 -0.181339 -0.809713  0.558105
-0.250000 -0.951057  0.181636  0.300000 -0.100000 -0.249423 -0.951288  0.181216
-0.475528 -0.809017  0.345491  0.300000 -0.200000 -0.474753 -0.809713  0.344928
-0.250000 -0.951057  0.181636  0.300000 -0.100000 -0.249423 -0.951288  0.181216
-0.309017 -0.951057 -0.000000  0.400000 -0.100000 -0.308303 -0.951288 -0.000000
-0.475528 -0.809017  0.345491  0.300000 -0.200000 -0.474753 -0.809713  0.344928
-0.475528 -0.809017  0.345491  0.300000 -0.200000 -0.474753 -0.809713  0.344928
-0.309017 -0.951057 -0.000000  0.400000 -0.100000 -0.308303 -0.951288 -0.000000
-0.587785 -0.809017 -0.000000  0.400000 -0.200000 -0.586827 -0.809713 -0.000000
-0.309017 -0.951057 -0.000000  0.400000 -0.100000 -0.308303 -0.951288 -0.000000
-0.250000 -0.951057 -0.181636  0.500000 -0.100000 -0.249423 -0.951288 -0.181216
-0.587785 -0.809017 -0.000000  0.400000 -0.200000 -0.586827 -0.809713 -0.000000
-0.587785 -0.809017 -0.000000  0.400000 -0.200000 -0.586827 -0.809713 -0.000000
-0.250000 -0.951057 -0.181636  0.500000 -0.100000 -0.249423 -0.951288 -0.181216
-0.475528 -0.809017 -0.345492  0.500000 -0.200000 -0.474753 -0.809713 -0.344928
-0.250000 -0.951057 -0.181636  0.500000 -0.100000 -0.249423 -0.951288 -0.181216
-0.095491 -0.951057 -0.293893  0.600000 -0.100000 -0.095271 -0.951288 -0.293214
-0.475528 -0.809017 -0.345492  0.500000 -0.200000 -0.474753 -0.809713 -0.344928
-0.475528 -0.809017 -0.345492  0.500000 -0.200000 -0.474753 -0.809713 -0.344928
-0.095491 -0.951057 -0.293893  0.600000 -0.100000 -0.095271 -0.951288 -0.293214
-0.181636 -0.809017 -0.559017  0.600000 -0.200000 -0.181339 -0.809713 -0.558105
-0.095491 -0.951057 -0.293893  0.600000 -0.100000 -0.095271 -0.951288 -0.293214
 0.095492 -0.951057 -0.293893  0.700000 -0.100000  0.095271 -0.951288 -0.293214
-0.181636 -0.809017 -0.559017  0.600000 -0.200000 -0.181339 -0.809713 -0.558105
-0.181636 -0.809017 -0.559017  0.600000 -0.200000 -0.181339 -0.809713 -0.558105
 0.095492 -0.951057 -0.293893  0.700000 -0.100000  0.095271 -0.951288 -0.293214
 0.181636 -0.809017 -0.559017  0.700000 -0.200000  0.181339 -0.809713 -0.558105
 0.095492 -0.951057 -0.293893  0.700000 -0.100000  0.095271 -0.951288 -0.293214
 0.250000 -0.951057 -0.181636  0.800000 -0.100000  0.249423 -0.951288 -0.181216
 0.181636 -0.809017 -0.559017  0.700000 -0.200000  0.181339 -0.809713 -0.558105
 0.181636 -0.809017 -0.559017  0.700000 -0.200000  0.181339 -0.809713 -0.558105
 0.250000 -0.951057 -0.181636  0.800000 -0.100000  0.249423 -0.951288 -0.181216
 0.475528 -0.809017 -0.345491  0.800000 -0.200000  0.474753 -0.809713 -0.344928
 0.250000 -0.951057 -0.181636  0.800000 -0.100000  0.249423 -0.951288 -0.181216
 0.309017 -0.951057 -0.000000  0.900000 -0.100000  0.308303 -0.951288  0.000000
 0.475528 -0.809017 -0.345491  0.800000 -0.200000  0.474753 -0.809713 -0.344928
 0.475528 -0.809017 -0.345491  0.800000 -0.200000  0.474753 -0.809713 -0.344928
 0.309017 -0.951057 -0.000000  0.900000 -0.100000  0.308303 -0.951288  0.000000
 0.587785 -0.809017 -0.000000  0.900000 -0.200000  0.586827 -0.809713  0.000000
 0.309017 -0.951057 -0.000000  0.900000 -0.100000  0.308303 -0.951288  0.000000
 0.250000 -0.951057  0.181636  1.000000 -0.100000  0.249423 -0.951288  0.181216
 0.587785 -0.809017 -0.000000  0.900000 -0.200000  0.586827 -0.809713  0.000000
 0.587785 -0.809017 -0.000000  0.900000 -0.200000  0.586827 -0.809713  0.000000
 0.250000 -0.951057  0.181636  1.000000 -0.100000  0.249423 -0.951288  0.181216
 0.475528 -0.809017  0.345492  1.000000 -0.200000  0.474753 -0.809713  0.344928
 0.475528 -0.809017  0.345492  0.000000 -0.200000  0.474753 -0.809713  0.344928
 0.181636 -0.809017  0.559017  0.100000 -0.200000  0.181339 -0.809713  0.558105
 0.654509 -0.587785  0.475528  0.000000 -0.300000  0.653961 -0.588715  0.475131
 0.654509 -0.587785  0.475528  0.000000 -0.300000  0.653961 -0.588715  0.475131
 0.181636 -0.809017  0.559017  0.100000 -0.200000  0.181339 -0.809713  0.558105
 0.250000 -0.587785  0.769421  0.100000 -0.300000  0.249791 -0.588715  0.768777
 0.181636 -0.809017  0.559017  0.100000 -0.200000  0.181339 -0.809713  0.558105
-0.181636 -0.809017  0.559017  0.200000 -0.200000 -0.181339 -0.809713  0.558105
 0.250000 -0.587785  0.769421  0.100000 -0.300000  0.249791 -0.588715  0.768777
 0.250000 -0.587785  0.769421  0.100000 -0.300000  0.249791 -0.588715  0.768777
-0.181636 -0.809017  0.559017  0.200000 -0.200000 -0.181339 -0.809713  0.558105
-0.250000 -0.587785  0.769421  0.200000 -0.300000 -0.249791 -0.588715  0.768777
-0.181636 -0.809017  0.559017  0.200000 -0.200000 -0.181339 -0.809713  0.558105
-0.475528 -0.809017  0.345491  0.300000 -0.200000 -0.474753 -0.809713  0.344928
-0.250000 -0.587785  0.769421  0.200000 -0.300000 -0.249791 -0.588715  0.768777
-0.250000 -0.587785  0.769421  0.200000 -0.300000 -0.249791 -0.588715  0.768777
-0.475528 -0.809017  0.345491  0.300000 -0.200000 -0.474753 -0.809713  0.344928
-0.654509 -0.587785  0.475528  0.300000 -0.300000 -0.653961 -0.588715  0.475131
-0.475528 -0.809017  0.345491  0.300000 -0.200000 -0.474753 -0.809713  0.344928
-0.587785 -0.809017 -0.000000  0.400000 -0.200000 -0.586827 -0.809713 -0.000000
-0.654509 -0.587785  0.475528  0.300000 -0.300000 -0.653961 -0.588715  0.475131
-0.654509 -0.587785  0.475528  0.300000 -0.300000 -0.653961 -0.588715  0.475131
-0.587785 -0.809017 -0.000000  0.400000 -0.200000 -0.586827 -0.809713 -0.000000
-0.809017 -0.587785 -0.000000  0.400000 -0.300000 -0.808340 -0.588715 -0.000000
-0.587785 -0.809017 -0.000000  0.400000 -0.200000 -0.586827 -0.809713 -0.000000
-0.475528 -0.809017 -0.345492  0.500000 -0.200000 -0.474753 -0.809713 -0.344928
-0.809017 -0.587785 -0.000000  0.400000 -0.300000 -0.808340 -0.588715 -0.000000
-0.809017 -0.587785 -0.000000  0.400000 -0.300000 -0.808340 -0.588715 -0.000000
-0.475528 -0.809017 -0.345492  0.500000 -0.200000 -0.474753 -0.809713 -0.344928
-0.654509 -0.587785 -0.475528  0.500000 -0.300000 -0.653961 -0.588715 -0.475131
-0.475528 -0.809017 -0.345492  0.500000 -0.200000 -0.474753 -0.809713 -0.344928
-0.181636 -0.809017 -0.559017  0.600000 -0.200000 -0.181339 -0.809713 -0.558105
-0.654509 -0.587785 -0.475528  0.500000 -0.300000 -0.653961 -0.588715 -0.475131
-0.654509 -0.587785 -0.475528  0.500000 -0.300000 -0.653961 -0.588715 -0.475131
-0.181636 -0.809017 -0.559017  0.600000 -0.200000 -0.181339 -0.809713 -0.558105
-0.250000 -0.587785 -0.769421  0.600000 -0.300000 -0.249791 -0.588715 -0.768778
-0.181636 -0.809017 -0.559017  0.600000 -0.200000 -0.181339 -0.809713 -0.558105
 0.181636 -0.809017 -0.559017  0.700000 -0.200000  0.181339 -0.809713 -0.558105
-0.250000 -0.587785 -0.769421  0.600000 -0.300000 -0.249791 -0.588715 -0.768778
-0.250000 -0.587785 -0.769421  0.600000 -0.300000 -0.249791 -0.588715 -0.768778
 0.181636 -0.809017 -0.559017  0.700000 -0.200000  0.181339 -0.809713 -0.558105
 0.250000 -0.587785 -0.769421  0.700000 -0.300000  0.249791 -0.588715 -0.768777
 0.181636 -0.809017 -0.559017  0.700000 -0.200000  0.181339 -0.809713 -0.558105
 0.475528 -0.809017 -0.345491  0.800000 -0.200000  0.474753 -0.809713 -0.344928
 0.250000 -0.587785 -0.769421  0.700000 -0.300000  0.249791 -0.588715 -0.768777
 0.250000 -0.587785 -0.769421  0.700000 -0.300000  0.249791 -0.588715 -0.768777
 0.475528 -0.809017 -0.345491  0.800000 -0.200000  0.474753 -0.809713 -0.344928
 0.654509 -0.587785 -0.475528  0.800000 -0.300000  0.653961 -0.588715 -0.475131
 0.475528 -0.809017 -0.345491  0.800000 -0.200000  0.474753 -0.809713 -0.344928
 0.587785 -0.809017 -0.000000  0.900000 -0.200000  0.586827 -0.809713  0.000000
 0.654509 -0.587785 -0.475528  0.800000 -0.300000  0.653961 -0.588715 -0.475131
 0.654509 -0.587785 -0.475528  0.800000 -0.300000  0.653961 -0.588715 -0.475131
 0.587785 -0.809017 -0.000000  0.900000 -0.200000  0.586827 -0.809713  0.000000
 0.809017 -0.587785 -0.000000  0.900000 -0.300000  0.808340 -0.588715 -0.000000
 0.587785 -0.809017 -0.000000  0.900000 -0.200000  0.586827 -0.809713  0.000000
 0.475528 -0.809017  0.345492  1.000000 -0.200000  0.474753 -0.809713  0.344928
 0.809017 -0.587785 -0.000000  0.900000 -0.300000  0.808340 -0.588715 -0.000000
 0.809017 -0.587785 -0.000000  0.900000 -0.300000  0.808340 -0.588715 -0.000000
 0.475528 -0.809017  0.345492  1.000000 -0.200000  0.474753 -0.809713  0.344928
 0.654509 -0.587785  0.475528  1.000000 -0.300000  0.653961 -0.588715  0.475131
 0.654509 -0.587785  0.475528  0.000000 -0.300000  0.653961 -0.588715  0.475131
 0.250000 -0.587785  0.769421  0.100000 -0.300000  0.249791 -0.588715  0.768777
 0.769421 -0.309017  0.559017  0.000000 -0.400000  0.769247 -0.309677  0.558891
 0.769421 -0.309017  0.559017  0.000000 -0.400000  0.769247 -0.309677  0.558891
 0.250000 -0.587785  0.769421  0.100000 -0.300000  0.249791 -0.588715  0.768777
 0.293893 -0.309017  0.904509  0.100000 -0.400000  0.293826 -0.309677  0.904304
 0.250000 -0.587785  0.769421  0.100000 -0.300000  0.249791 -0.588715  0.768777
-0.250000 -0.587785  0.769421  0.200000 -0.300000 -0.249791 -0.588715  0.768777
 0.293893 -0.309017  0.904509  0.100000 -0.400000  0.293826 -0.309677  0.904304
 0.293893 -0.309017  0.904509  0.100000 -0.400000  0.293826 -0.309677  0.904304
-0.250000 -0.587785  0.769421  0.200000 -0.300000 -0.249791 -0.588715  0.768777
-0.293893 -0.309017  0.904509  0.200000 -0.400000 -0.293826 -0.309677  0.904304
-0.250000 -0.587785  0.769421  0.200000 -0.300000 -0.249791 -0.588715  0.768777
-0.654509 -0.587785  0.475528  0.300000 -0.300000 -0.653961 -0.588715  0.475131
-0.293893 -0.309017  0.904509  0.200000 -0.400000 -0.293826 -0.309677  0.904304
-0.293893 -0.309017  0.904509  0.200000 -0.400000 -0.293826 -0.309677  0.904304
-0.654509 -0.587785  0.475528  0.300000 -0.300000 -0.653961 -0.588715  0.475131
-0.769421 -0.309017  0.559017  0.300000 -0.400000 -0.769247 -0.309677  0.558891
-0.654509 -0.587785  0.475528  0.300000 -0.300000 -0.653961 -0.588715  0.475131
-0.809017 -0.587785 -0.000000  0.400000 -0.300000 -0.808340 -0.588715 -0.000000
-0.769421 -0.309017  0.559017  0.300000 -0.400000 -0.769247 -0.309677  0.558891
-0.769421 -0.309017  0.559017  0.300000 -0.400000 -0.769247 -0.309677  0.558891
-0.809017 -0.587785 -0.000000  0.400000 -0.300000 -0.808340 -0.588715 -0.000000
-0.951057 -0.309017 -0.000000  0.400000 -0.400000 -0.950842 -0.309677 -0.000000
-0.809017 -0.587785 -0.000000  0.400000 -0.300000 -0.808340 -0.588715 -0.000000
-0.654509 -0.587785 -0.475528  0.500000 -0.300000 -0.653961 -0.588715 -0.475131
-0.951057 -0.309017 -0.000000  0.400000 -0.400000 -0.950842 -0.309677 -0.000000
-0.951057 -0.309017 -0.000000  0.400000 -0.400000 -0.950842 -0.309677 -0.000000
-0.654509 -0.587785 -0.475528  0.500000 -0.300000 -0.653961 -0.588715 -0.475131
-0.769421 -0.309017 -0.559017  0.500000 -0.400000 -0.769247 -0.309677 -0.558891
-0.654509 -0.587785 -0.475528  0.500000 -0.300000 -0.653961 -0.588715 -0.475131
-0.250000 -0.587785 -0.769421  0.600000 -0.300000 -0.249791 -0.588715 -0.768778
-0.769421 -0.309017 -0.559017  0.500000 -0.400000 -0.769247 -0.309677 -0.558891
-0.769421 -0.309017 -0.559017  0.500000 -0.400000 -0.769247 -0.309677 -0.558891
-0.250000 -0.587785 -0.769421  0.600000 -0.300000 -0.249791 -0.588715 -0.768778
-0.293893 -0.309017 -0.904509  0.600000 -0.400000 -0.293826 -0.309677 -0.904304
-0.250000 -0.587785 -0.769421  0.600000 -0.300000 -0.249791 -0.588715 -0.768778
 0.250000 -0.587785 -0.769421  0.700000 -0.300000  0.249791 -0.588715 -0.768777
-0.293893 -0.309017 -0.904509  0.600000 -0.400000 -0.293826 -0.309677 -0.904304
-0.293893 -0.309017 -0.904509  0.600000 -0.400000 -0.293826 -0.309677 -0.904304
 0.250000 -0.587785 -0.769421  0.700000 -0.300000  0.249791 -0.588715 -0.768777
 0.293893 -0.309017 -0.904509  0.700000 -0.400000  0.293826 -0.309677 -0.904304
 0.250000 -0.587785 -0.769421  0.700000 -0.300000  0.249791 -0.588715 -0.768777
 0.654509 -0.587785 -0.475528  0.800000 -0.300000  0.653961 -0.588715 -0.475131
 0.293893 -0.309017 -0.904509  0.700000 -0.400000  0.293826 -0.309677 -0.904304
 0.293893 -0.309017 -0.904509  0.700000 -0.400000  0.293826 -0.309677 -0.904304
 0.654509 -0.587785 -0.475528  0.800000 -0.300000  0.653961 -0.588715 -0.475131
 0.769421 -0.309017 -0.559017  0.800000 -0.400000  0.769247 -0.309677 -0.558891
 0.654509 -0.587785 -0.475528  0.800000 -0.300000  0.653961 -0.588715 -0.475131
 0.809017 -0.587785 -0.000000  0.900000 -0.300000  0.808340 -0.588715 -0.000000
 0.769421 -0.309017 -0.559017  0.800000 -0.400000  0.769247 -0.309677 -0.558891
 0.769421 -0.309017 -0.559017  0.800000 -0.400000  0.769247 -0.309677 -0.558891
 0.809017 -0.587785 -0.000000  0.900000 -0.300000  0.808340 -0.588715 -0.000000
 0.951057 -0.309017 -0.000000  0.900000 -0.400000  0.950842 -0.309677 -0.000000
 0.809017 -0.587785 -0.000000  0.900000 -0.300000  0.808340 -0.588715 -0.000000
 0.654509 -0.587785  0.475528  1.000000 -0.300000  0.653961 -0.588715  0.475131
 0.951057 -0.309017 -0.000000  0.900000 -0.400000  0.950842 -0.309677 -0.000000
 0.951057 -0.309017 -0.000000  0.900000 -0.400000  0.950842 -0.309677 -0.000000
 0.654509 -0.587785  0.475528  1.000000 -0.300000  0.653961 -0.588715  0.475131
 0.769421 -0.309017  0.559017  1.000000 -0.400000  0.769247 -0.309677  0.558891
 0.769421 -0.309017  0.559017  0.000000 -0.400000  0.769247 -0.309677  0.558891
 0.293893 -0.309017  0.904509  0.100000 -0.400000  0.293826 -0.309677  0.904304
 0.809017  0.000000  0.587785  0.000000 -0.500000  0.809017  0.000000  0.587785
 0.809017  0.000000  0.587785  0.000000 -0.500000  0.809017  0.000000  0.587785
 0.293893 -0.309017  0.904509  0.100000 -0.400000  0.293826 -0.309677  0.904304
 0.309017  0.000000  0.951057  0.100000 -0.500000  0.309017 -0.000000  0.951057
 0.293893 -0.309017  0.904509  0.100000 -0.400000  0.293826 -0.309677  0.904304
-0.293893 -0.309017  0.904509  0.200000 -0.400000 -0.293826 -0.309677  0.904304
 0.309017  0.000000  0.951057  0.100000 -0.500000  0.309017 -0.000000  0.951057
 0.309017  0.000000  0.951057  0.100000 -0.500000  0.309017 -0.000000  0.951057
-0.293893 -0.309017  0.904509  0.200000 -0.400000 -0.293826 -0.309677  0.904304
-0.309017  0.000000  0.951057  0.200000 -0.500000 -0.309017 -0.000000  0.951057
-0.293893 -0.309017  0.904509  0.200000 -0.400000 -0.293826 -0.309677  0.904304
-0.769421 -0.309017  0.559017  0.300000 -0.400000 -0.769247 -0.309677  0.558891
-0.309017  0.000000  0.951057  0.200000 -0.500000 -0.309017 -0.000000  0.951057
-0.309017  0.000000  0.951057  0.200000 -0.500000 -0.309017 -0.000000  0.951057
-0.769421 -0.309017  0.559017  0.300000 -0.400000 -0.769247 -0.309677  0.558891
-0.809017  0.000000  0.587785  0.300000 -0.500000 -0.809017  0.000000  0.587785
-0.769421 -0.309017  0.559017  0.300000 -0.400000 -0.769247 -0.309677  0.558891
-0.951057 -0.309017 -0.000000  0.400000 -0.400000 -0.950842 -0.309677 -0.000000
-0.809017  0.000000  0.587785  0.300000 -0.500000 -0.809017  0.000000  0.587785
-0.809017  0.000000  0.587785  0.300000 -0.500000 -0.809017  0.000000  0.587785
-0.951057 -0.309017 -0.000000  0.400000 -0.400000 -0.950842 -0.309677 -0.000000
-1.000000  0.000000 -0.000000  0.400000 -0.500000 -1.000000  0.000000 -0.000000
-0.951057 -0.309017 -0.000000  0.400000 -0.400000 -0.950842 -0.309677 -0.000000
-0.769421 -0.309017 -0.559017  0.500000 -0.400000 -0.769247 -0.309677 -0.558891
-1.000000  0.000000 -0.000000  0.400000 -0.500000 -1.000000  0.000000 -0.000000
-1.000000  0.000000 -0.000000  0.400000 -0.500000 -1.000000  0.000000 -0.000000
-0.769421 -0.309017 -0.559017  0.500000 -0.400000 -0.769247 -0.309677 -0.558891
-0.809017  0.000000 -0.587785  0.500000 -0.500000 -0.809017  0.000000 -0.587785
-0.769421 -0.309017 -0.559017  0.500000 -0.400000 -0.769247 -0.309677 -0.558891
-0.293893 -0.309017 -0.904509  0.600000 -0.400000 -0.293826 -0.309677 -0.904304
-0.809017  0.000000 -0.587785  0.500000 -0.500000 -0.809017  0.000000 -0.587785
-0.809017  0.000000 -0.587785  0.500000 -0.500000 -0.809017  0.000000 -0.587785
-0.293893 -0.309017 -0.904509  0.600000 -0.400000 -0.293826 -0.309677 -0.904304
-0.309017  0.000000 -0.951057  0.600000 -0.500000 -0.309017  0.000000 -0.951057
-0.293893 -0.309017 -0.904509  0.600000 -0.400000 -0.293826 -0.309677 -0.904304
 0.293893 -0.309017 -0.904509  0.700000 -0.400000  0.293826 -0.309677 -0.904304
-0.309017  0.000000 -0.951057  0.600000 -0.500000 -0.309017  0.000000 -0.951057
-0.309017  0.000000 -0.951057  0.600000 -0.500000 -0.309017  0.000000 -0.951057
 0.293893 -0.309017 -0.904509  0.700000 -0.400000  0.293826 -0.309677 -0.904304
 0.309017  0.000000 -0.951057  0.700000 -0.500000  0.309017 -0.000000 -0.951057
 0.293893 -0.309017 -0.904509  0.700000 -0.400000  0.293826 -0.309677 -0.904304
 0.769421 -0.309017 -0.559017  0.800000 -0.400000  0.769247 -0.309677 -0.558891
 0.309017  0.000000 -0.951057  0.700000 -0.500000  0.309017 -0.000000 -0.951057
 0.309017  0.000000 -0.951057  0.700000 -0.500000  0.309017 -0.000000 -0.951057
 0.769421 -0.309017 -0.559017  0.800000 -0.400000  0.769247 -0.309677 -0.558891
 0.809017  0.000000 -0.587785  0.800000 -0.500000  0.809017  0.000000 -0.587785
 0.769421 -0.309017 -0.559017  0.800000 -0.400000  0.769247 -0.309677 -0.558891
 0.951057 -0.309017 -0.000000  0.900000 -0.400000  0.950842 -0.309677 -0.000000
 0.809017  0.000000 -0.587785  0.800000 -0.500000  0.809017  0.000000 -0.587785
 0.809017  0.000000 -0.587785  0.800000 -0.500000  0.809017  0.000000 -0.587785
 0.951057 -0.309017 -0.000000  0.900000 -0.400000  0.950842 -0.309677 -0.000000
 1.000000  0.000000 -0.000000  0.900000 -0.500000  1.000000  0.000000 -0.000000
 0.951057 -0.309017 -0.000000  0.900000 -0.400000  0.950842 -0.309677 -0.000000
 0.769421 -0.309017  0.559017  1.000000 -0.400000  0.769247 -0.309677  0.558891
 1.000000  0.000000 -0.000000  0.900000 -0.500000  1.000000  0.000000 -0.000000
 1.000000  0.000000 -0.000000  0.900000 -0.500000  1.000000  0.000000 -0.000000
 0.769421 -0.309017  0.559017  1.000000 -0.400000  0.769247 -0.309677  0.558891
 0.809017  0.000000  0.587785  1.000000 -0.500000  0.809017  0.000000  0.587785
 0.809017  0.000000  0.587785  0.000000 -0.500000  0.809017  0.000000  0.587785
 0.309017  0.000000  0.951057  0.100000 -0.500000  0.309017 -0.000000  0.951057
 0.769421  0.309017  0.559017  0.000000 -0.600000  0.769247  0.309677  0.558891
 0.769421  0.309017  0.559017  0.000000 -0.600000  0.769247  0.309677  0.558891
 0.309017  0.000000  0.951057  0.100000 -0.500000  0.309017 -0.000000  0.951057
 0.293893  0.309017  0.904509  0.100000 -0.600000  0.293826  0.309677  0.904304
 0.309017  0.000000  0.951057  0.100000 -0.500000  0.309017 -0.000000  0.951057
-0.309017  0.000000  0.951057  0.200000 -0.500000 -0.309017 -0.000000  0.951057
 0.293893  0.309017  0.904509  0.100000 -0.600000  0.293826  0.309677  0.904304
 0.293893  0.309017  0.904509  0.100000 -0.600000  0.293826  0.309677  0.904304
-0.309017  0.000000  0.951057  0.200000 -0.500000 -0.309017 -0.000000  0.951057
-0.293893  0.309017  0.904509  0.200000 -0.600000 -0.293826  0.309677  0.904304
-0.309017  0.000000  0.951057  0.200000 -0.500000 -0.309017 -0.000000  0.951057
-0.809017  0.000000  0.587785  0.300000 -0.500000 -0.809017  0.000000  0.587785
-0.293893  0.309017  0.904509  0.200000 -0.600000 -0.293826  0.309677  0.904304
-0.293893  0.309017  0.904509  0.200000 -0.600000 -0.293826  0.309677  0.904304
-0.809017  0.000000  0.587785  0.300000 -0.500000 -0.809017  0.000000  0.587785
-0.769421  0.309017  0.559017  0.300000 -0.600000 -0.769247  0.309677  0.558891
-0.809017  0.000000  0.587785  0.300000 -0.500000 -0.809017  0.000000  0.587785
-1.000000  0.000000 -0.000000  0.400000 -0.500000 -1.000000  0.000000 -0.000000
-0.769421  0.309017  0.559017  0.300000 -0.600000 -0.769247  0.309677  0.558891
-0.769421  0.309017  0.559017  0.300000 -0.600000 -0.769247  0.309677  0.558891
-1.000000  0.000000 -0.000000  0.400000 -0.500000 -1.000000  0.000000 -0.000000
-0.951057  0.309017 -0.000000  0.400000 -0.600000 -0.950842  0.309677 -0.000000
-1.000000  0.000000 -0.000000  0.400000 -0.500000 -1.000000  0.000000 -0.000000
-0.809017  0.000000 -0.587785  0.500000 -0.500000 -0.809017  0.000000 -0.587785
-0.951057  0.309017 -0.000000  0.400000 -0.600000 -0.950842  0.309677 -0.000000
-0.951057  0.309017 -0.000000  0.400000 -0.600000 -0.950842  0.309677 -0.000000
-0.809017  0.000000 -0.587785  0.500000 -0.500000 -0.809017  0.000000 -0.587785
-0.769421  0.309017 -0.559017  0.500000 -0.600000 -0.769247  0.309677 -0.558891
-0.809017  0.000000 -0.587785  0.500000 -0.500000 -0.809017  0.000000 -0.587785
-0.309017  0.000000 -0.951057  0.600000 -0.500000 -0.309017  0.000000 -0.951057
-0.769421  0.309017 -0.559017  0.500000 -0.600000 -0.769247  0.309677 -0.558891
-0.769421  0.309017 -0.559017  0.500000 -0.600000 -0.769247  0.309677 -0.558891
-0.309017  0.000000 -0.951057  0.600000 -0.500000 -0.309017  0.000000 -0.951057
-0.293893  0.309017 -0.904509  0.600000 -0.600000 -0.293826  0.309677 -0.904304
-0.309017  0.000000 -0.951057  0.600000 -0.500000 -0.309017  0.000000 -0.951057
 0.309017  0.000000 -0.951057  0.700000 -0.500000  0.309017 -0.000000 -0.951057
-0.293893  0.309017 -0.904509  0.600000 -0.600000 -0.293826  0.309677 -0.904304
-0.293893  0.309017 -0.904509  0.600000 -0.600000 -0.293826  0.309677 -0.904304
 0.309017  0.000000 -0.951057  0.700000 -0.500000  0.309017 -0.000000 -0.951057
 0.293893  0.309017 -0.904509  0.700000 -0.600000  0.293826  0.309677 -0.904304
 0.309017  0.000000 -0.951057  0.700000 -0.500000  0.309017 -0.000000 -0.951057
 0.809017  0.000000 -0.587785  0.800000 -0.500000  0.809017  0.000000 -0.587785
 0.293893  0.309017 -0.904509  0.700000 -0.600000  0.293826  0.309677 -0.904304
 0.293893  0.309017 -0.904509  0.700000 -0.600000  0.293826  0.309677 -0.904304
 0.809017  0.000000 -0.587785  0.800000 -0.500000  0.809017  0.000000 -0.587785
 0.769421  0.309017 -0.559017  0.800000 -0.600000  0.769247  0.309677 -0.558891
 0.809017  0.000000 -0.587785  0.800000 -0.500000  0.809017  0.000000 -0.587785
 1.000000  0.000000 -0.000000  0.900000 -0.500000  1.000000  0.000000 -0.000000
 0.769421  0.309017 -0.559017  0.800000 -0.600000  0.769247  0.309677 -0.558891
 0.769421  0.309017 -0.559017  0.800000 -0.600000  0.769247  0.309677 -0.558891
 1.000000  0.000000 -0.000000  0.900000 -0.500000  1.000000  0.000000 -0.000000
 0.951057  0.309017 -0.000000  0.900000 -0.600000  0.950842  0.309677 -0.000000
 1.000000  0.000000 -0.000000  0.900000 -0.500000  1.000000  0.000000 -0.000000
 0.809017  0.000000  0.587785  1.000000 -0.500000  0.809017  0.000000  0.587785
 0.951057  0.309017 -0.000000  0.900000 -0.600000  0.950842  0.309677 -0.000000
 0.951057  0.309017 -0.000000  0.900000 -0.600000  0.950842  0.309677 -0.000000
 0.809017  0.000000  0.587785  1.000000 -0.500000  0.809017  0.000000  0.587785
 0.769421  0.309017  0.559017  1.000000 -0.600000  0.769247  0.309677  0.558891
 0.769421  0.309017  0.559017  0.000000 -0.600000  0.769247  0.309677  0.558891
 0.293893  0.309017  0.904509  0.100000 -0.600000  0.293826  0.309677  0.904304
 0.654509  0.587785  0.475528  0.000000 -0.700000  0.653961  0.588715  0.475131
 0.654509  0.587785  0.475528  0.000000 -0.700000  0.653961  0.588715  0.475131
 0.293893  0.309017  0.904509  0.100000 -0.600000  0.293826  0.309677  0.904304
 0.250000  0.587785  0.769421  0.100000 -0.700000  0.249791  0.588715  0.768777
 0.293893  0.309017  0.904509  0.100000 -0.600000  0.293826  0.309677  0.904304
-0.293893  0.309017  0.904509  0.200000 -0.600000 -0.293826  0.309677  0.904304
 0.250000  0.587785  0.769421  0.100000 -0.700000  0.249791  0.588715  0.768777
 0.250000  0.587785  0.769421  0.100000 -0.700000  0.249791  0.588715  0.768777
-0.293893  0.309017  0.904509  0.200000 -0.600000 -0.293826  0.309677  0.904304
-0.250000  0.587785  0.769421  0.200000 -0.700000 -0.249791  0.588715  0.768777
-0.293893  0.309017  0.904509  0.200000 -0.600000 -0.293826  0.309677  0.904304
-0.769421  0.309017  0.559017  0.300000 -0.600000 -0.769247  0.309677  0.558891
-0.250000  0.587785  0.769421  0.200000 -0.700000 -0.249791  0.588715  0.768777
-0.250000  0.587785  0.769421  0.200000 -0.700000 -0.249791  0.588715  0.768777
-0.769421  0.309017  0.559017  0.300000 -0.600000 -0.769247  0.309677  0.558891
-0.654509  0.587785  0.475528  0.300000 -0.700000 -0.653961  0.588715  0.475131
-0.769421  0.309017  0.559017  0.300000 -0.600000 -0.769247  0.309677  0.558891
-0.951057  0.309017 -0.000000  0.400000 -0.600000 -0.950842  0.309677 -0.000000
-0.654509  0.587785  0.475528  0.300000 -0.700000 -0.653961  0.588715  0.475131
-0.654509  0.587785  0.475528  0.300000 -0.700000 -0.653961  0.588715  0.475131
-0.951057  0.309017 -0.000000  0.400000 -0.600000 -0.950842  0.309677 -0.000000
-0.809017  0.587785 -0.000000  0.400000 -0.700000 -0.808340  0.588715 -0.000000
-0.951057  0.309017 -0.000000  0.400000 -0.600000 -0.950842  0.309677 -0.000000
-0.769421  0.309017 -0.559017  0.500000 -0.600000 -0.769247  0.309677 -0.558891
-0.809017  0.587785 -0.000000  0.400000 -0.700000 -0.808340  0.588715 -0.000000
-0.809017  0.587785 -0.000000  0.400000 -0.700000 -0.808340  0.588715 -0.000000
-0.769421  0.309017 -0.559017  0.500000 -0.600000 -0.769247  0.309677 -0.558891
-0.654509  0.587785 -0.475528  0.500000 -0.700000 -0.653961  0.588715 -0.475131
-0.769421  0.309017 -0.559017  0.500000 -0.600000 -0.769247  0.309677 -0.558891
-0.293893  0.309017 -0.904509  0.600000 -0.600000 -0.293826  0.309677 -0.904304
-0.654509  0.587785 -0.475528  0.500000 -0.700000 -0.653961  0.588715 -0.475131
-0.654509  0.587785 -0.475528  0.500000 -0.700000 -0.653961  0.588715 -0.475131
-0.293893  0.309017 -0.904509  0.600000 -0.600000 -0.293826  0.309677 -0.904304
-0.250000  0.587785 -0.769421  0.600000 -0.700000 -0.249791  0.588715 -0.768778
-0.293893  0.309017 -0.904509  0.600000 -0.600000 -0.293826  0.309677 -0.904304
 0.293893  0.309017 -0.904509  0.700000 -0.600000  0.293826  0.309677 -0.904304
-0.250000  0.587785 -0.769421  0.600000 -0.700000 -0.249791  0.588715 -0.768778
-0.250000  0.587785 -0.769421  0.600000 -0.700000 -0.249791  0.588715 -0.768778
 0.293893  0.309017 -0.904509  0.700000 -0.600000  0.293826  0.309677 -0.904304
 0.250000  0.587785 -0.769421  0.700000 -0.700000  0.249791  0.588715 -0.768777
 0.293893  0.309017 -0.904509  0.700000 -0.600000  0.293826  0.309677 -0.904304
 0.769421  0.309017 -0.559017  0.800000 -0.600000  0.769247  0.309677 -0.558891
 0.250000  0.587785 -0.769421  0.700000 -0.700000  0.249791  0.588715 -0.768777
 0.250000  0.587785 -0.769421  0.700000 -0.700000  0.249791  0.588715 -0.768777
 0.769421  0.309017 -0.559017  0.800000 -0.600000  0.769247  0.309677 -0.558891
 0.654509  0.587785 -0.475528  0.800000 -0.700000  0.653961  0.588715 -0.475131
 0.769421  0.309017 -0.559017  0.800000 -0.600000  0.769247  0.309677 -0.558891
 0.951057  0.309017 -0.000000  0.900000 -0.600000  0.950842  0.309677 -0.000000
 0.654509  0.587785 -0.475528  0.800000 -0.700000  0.653961  0.588715 -0.475131
 0.654509  0.587785 -0.475528  0.800000 -0.700000  0.653961  0.588715 -0.475131
 0.951057  0.309017 -0.000000  0.900000 -0.600000  0.950842  0.309677 -0.000000
 0.809017  0.587785 -0.000000  0.900000 -0.700000  0.808340  0.588715 -0.000000
 0.951057  0.309017 -0.000000  0.900000 -0.600000  0.950842  0.309677 -0.000000
 0.769421  0.309017  0.559017  1.000000 -0.600000  0.769247  0.309677  0.558891
 0.809017  0.587785 -0.000000  0.900000 -0.700000  0.808340  0.588715 -0.000000
 0.809017  0.587785 -0.000000  0.900000 -0.700000  0.808340  0.588715 -0.000000
 0.769421  0.309017  0.559017  1.000000 -0.600000  0.769247  0.309677  0.558891
 0.654509  0.587785  0.475528  1.000000 -0.700000  0.653961  0.588715  0.475131
 0.654509  0.587785  0.475528  0.000000 -0.700000  0.653961  0.588715  0.475131
 0.250000  0.587785  0.769421  0.100000 -0.700000  0.249791  0.588715  0.768777
 0.475528  0.809017  0.345492  0.000000 -0.800000  0.474753  0.809713  0.344928
 0.475528  0.809017  0.345492  0.000000 -0.800000  0.474753  0.809713  0.344928
 0.250000  0.587785  0.769421  0.100000 -0.700000  0.249791  0.588715  0.768777
 0.181636  0.809017  0.559017  0.100000 -0.800000  0.181339  0.809713  0.558105
 0.250000  0.587785  0.769421  0.100000 -0.700000  0.249791  0.588715  0.768777
-0.250000  0.587785  0.769421  0.200000 -0.700000 -0.249791  0.588715  0.768777
 0.181636  0.809017  0.559017  0.100000 -0.800000  0.181339  0.809713  0.558105
 0.181636  0.809017  0.559017  0.100000 -0.800000  0.181339  0.809713  0.558105
-0.250000  0.587785  0.769421  0.200000 -0.700000 -0.249791  0.588715  0.768777
-0.181636  0.809017  0.559017  0.200000 -0.800000 -0.181339  0.809713  0.558105
-0.250000  0.587785  0.769421  0.200000 -0.700000 -0.249791  0.588715  0.768777
-0.654509  0.587785  0.475528  0.300000 -0.700000 -0.653961  0.588715  0.475131
-0.181636  0.809017  0.559017  0.200000 -0.800000 -0.181339  0.809713  0.558105
-0.181636  0.809017  0.559017  0.200000 -0.800000 -0.181339  0.809713  0.558105
-0.654509  0.587785  0.475528  0.300000 -0.700000 -0.653961  0.588715  0.475131
-0.475528  0.809017  0.345491  0.300000 -0.800000 -0.474753  0.809713  0.344928
-0.654509  0.587785  0.475528  0.300000 -0.700000 -0.653961  0.588715  0.475131
-0.809017  0.587785 -0.000000  0.400000 -0.700000 -0.808340  0.588715 -0.000000
-0.475528  0.809017  0.345491  0.300000 -0.800000 -0.474753  0.809713  0.344928
-0.475528  0.809017  0.345491  0.300000 -0.800000 -0.474753  0.809713  0.344928
-0.809017  0.587785 -0.000000  0.400000 -0.700000 -0.808340  0.588715 -0.000000
-0.587785  0.809017 -0.000000  0.400000 -0.800000 -0.586827  0.809713 -0.000000
-0.809017  0.587785 -0.000000  0.400000 -0.700000 -0.808340  0.588715 -0.000000
-0.654509  0.587785 -0.475528  0.500000 -0.700000 -0.653961  0.588715 -0.475131
-0.587785  0.809017 -0.000000  0.400000 -0.800000 -0.586827  0.809713 -0.000000
-0.587785  0.809017 -0.000000  0.400000 -0.800000 -0.586827  0.809713 -0.000000
-0.654509  0.587785 -0.475528  0.500000 -0.700000 -0.653961  0.588715 -0.475131
-0.475528  0.809017 -0.345492  0.500000 -0.800000 -0.474753  0.809713 -0.344928
-0.654509  0.587785 -0.475528  0.500000 -0.700000 -0.653961  0.588715 -0.475131
-0.250000  0.587785 -0.769421  0.600000 -0.700000 -0.249791  0.588715 -0.768778
-0.475528  0.809017 -0.345492  0.500000 -0.800000 -0.474753  0.809713 -0.344928
-0.475528  0.809017 -0.345492  0.500000 -0.800000 -0.474753  0.809713 -0.344928
-0.250000  0.587785 -0.769421  0.600000 -0.700000 -0.249791  0.588715 -0.768778
-0.181636  0.809017 -0.559017  0.600000 -0.800000 -0.181339  0.809713 -0.558105
-0.250000  0.587785 -0.769421  0.600000 -0.700000 -0.249791  0.588715 -0.768778
 0.250000  0.587785 -0.769421  0.700000 -0.700000  0.249791  0.588715 -0.768777
-0.181636  0.809017 -0.559017  0.600000 -0.800000 -0.181339  0.809713 -0.558105
-0.181636  0.809017 -0.559017  0.600000 -0.800000 -0.181339  0.809713 -0.558105
 0.250000  0.587785 -0.769421  0.700000 -0.700000  0.249791  0.588715 -0.768777
 0.181636  0.809017 -0.559017  0.700000 -0.800000  0.181339  0.809713 -0.558105
 0.250000  0.587785 -0.769421  0.700000 -0.700000  0.249791  0.588715 -0.768777
 0.654509  0.587785 -0.475528  0.800000 -0.700000  0.653961  0.588715 -0.475131
 0.181636  0.809017 -0.559017  0.700000 -0.800000  0.181339  0.809713 -0.558105
 0.181636  0.809017 -0.559017  0.700000 -0.800000  0.181339  0.809713 -0.558105
 0.654509  0.587785 -0.475528  0.800000 -0.700000  0.653961  0.588715 -0.475131
 0.475528  0.809017 -0.345491  0.800000 -0.800000  0.474753  0.809713 -0.344928
 0.654509  0.587785 -0.475528  0.800000 -0.700000  0.653961  0.588715 -0.475131
 0.809017  0.587785 -0.000000  0.900000 -0.700000  0.808340  0.588715 -0.000000
 0.475528  0.809017 -0.345491  0.800000 -0.800000  0.474753  0.809713 -0.344928
 0.475528  0.809017 -0.345491  0.800000 -0.800000  0.474753  0.809713 -0.344928
 0.809017  0.587785 -0.000000  0.900000 -0.700000  0.808340  0.588715 -0.000000
 0.587785  0.809017 -0.000000  0.900000 -0.800000  0.586827  0.809713 -0.000000
 0.809017  0.587785 -0.000000  0.900000 -0.700000  0.808340  0.588715 -0.000000
 0.654509  0.587785  0.475528  1.000000 -0.700000  0.653961  0.588715  0.475131
 0.587785  0.809017 -0.000000  0.900000 -0.800000  0.586827  0.809713 -0.000000
 0.587785  0.809017 -0.000000  0.900000 -0.800000  0.586827  0.809713 -0.000000
 0.654509  0.587785  0.475528  1.000000 -0.700000  0.653961  0.588715  0.475131
 0.475528  0.809017  0.345492  1.000000 -0.800000  0.474753  0.809713  0.344928
 0.475528  0.809017  0.345492  0.000000 -0.800000  0.474753  0.809713  0.344928
 0.181636  0.809017  0.559017  0.100000 -0.800000  0.181339  0.809713  0.558105
 0.250000  0.951057  0.181636  0.000000 -0.900000  0.249423  0.951288  0.181216
 0.250000  0.951057  0.181636  0.000000 -0.900000  0.249423  0.951288  0.181216
 0.181636  0.809017  0.559017  0.100000 -0.800000  0.181339  0.809713  0.558105
 0.095491  0.951057  0.293893  0.100000 -0.900000  0.095271  0.951288  0.293214
 0.181636  0.809017  0.559017  0.100000 -0.800000  0.181339  0.809713  0.558105
-0.181636  0.809017  0.559017  0.200000 -0.800000 -0.181339  0.809713  0.558105
 0.095491  0.951057  0.293893  0.100000 -0.900000  0.095271  0.951288  0.293214
 0.095491  0.951057  0.293893  0.100000 -0.900000  0.095271  0.951288  0.293214
-0.181636  0.809017  0.559017  0.200000 -0.800000 -0.181339  0.809713  0.558105
-0.095492  0.951057  0.293893  0.200000 -0.900000 -0.095271  0.951288  0.293214
-0.181636  0.809017  0.559017  0.200000 -0.800000 -0.181339  0.809713  0.558105
-0.475528  0.809017  0.345491  0.300000 -0.800000 -0.474753  0.809713  0.344928
-0.095492  0.951057  0.293893  0.200000 -0.900000 -0.095271  0.951288  0.293214
-0.095492  0.951057  0.293893  0.200000 -0.900000 -0.095271  0.951288  0.293214
-0.475528  0.809017  0.345491  0.300000 -0.800000 -0.474753  0.809713  0.344928
-0.250000  0.951057  0.181636  0.300000 -0.900000 -0.249423  0.951288  0.181216
-0.475528  0.809017  0.345491  0.300000 -0.800000 -0.474753  0.809713  0.344928
-0.587785  0.809017 -0.000000  0.400000 -0.800000 -0.586827  0.809713 -0.000000
-0.250000  0.951057  0.181636  0.300000 -0.900000 -0.249423  0.951288  0.181216
-0.250000  0.951057  0.181636  0.300000 -0.900000 -0.249423  0.951288  0.181216
-0.587785  0.809017 -0.000000  0.400000 -0.800000 -0.586827  0.809713 -0.000000
-0.309017  0.951057 -0.000000  0.400000 -0.900000 -0.308303  0.951288 -0.000000
-0.587785  0.809017 -0.000000  0.400000 -0.800000 -0.586827  0.809713 -0.000000
-0.475528  0.809017 -0.345492  0.500000 -0.800000 -0.474753  0.809713 -0.344928
-0.309017  0.951057 -0.000000  0.400000 -0.900000 -0.308303  0.951288 -0.000000
-0.309017  0.951057 -0.000000  0.400000 -0.900000 -0.308303  0.951288 -0.000000
-0.475528  0.809017 -0.345492  0.500000 -0.800000 -0.474753  0.809713 -0.344928
-0.250000  0.951057 -0.181636  0.500000 -0.900000 -0.249423  0.951288 -0.181216
-0.475528  0.809017 -0.345492  0.500000 -0.800000 -0.474753  0.809713 -0.344928
-0.181636  0.809017 -0.559017  0.600000 -0.800000 -0.181339  0.809713 -0.558105
-0.250000  0.951057 -0.181636  0.500000 -0.900000 -0.249423  0.951288 -0.181216
-0.250000  0.951057 -0.181636  0.500000 -0.900000 -0.249423  0.951288 -0.181216
-0.181636  0.809017 -0.559017  0.600000 -0.800000 -0.181339  0.809713 -0.558105
-0.095491  0.951057 -0.293893  0.600000 -0.900000 -0.095271  0.951288 -0.293214
-0.181636  0.809017 -0.559017  0.600000 -0.800000 -0.181339  0.809713 -0.558105
 0.181636  0.809017 -0.559017  0.700000 -0.800000  0.181339  0.809713 -0.558105
-0.095491  0.951057 -0.293893  0.600000 -0.900000 -0.095271  0.951288 -0.293214
-0.095491  0.951057 -0.293893  0.600000 -0.900000 -0.095271  0.951288 -0.293214
 0.181636  0.809017 -0.559017  0.700000 -0.800000  0.181339  0.809713 -0.558105
 0.095492  0.951057 -0.293893  0.700000 -0.900000  0.095271  0.951288 -0.293214
 0.181636  0.809017 -0.559017  0.700000 -0.800000  0.181339  0.809713 -0.558105
 0.475528  0.809017 -0.345491  0.800000 -0.800000  0.474753  0.809713 -0.344928
 0.095492  0.951057 -0.293893  0.700000 -0.900000  0.095271  0.951288 -0.293214
 0.095492  0.951057 -0.293893  0.700000 -0.900000  0.095271  0.951288 -0.293214
 0.475528  0.809017 -0.345491  0.800000 -0.800000  0.474753  0.809713 -0.344928
 0.250000  0.951057 -0.181636  0.800000 -0.900000  0.249423  0.951288 -0.181216
 0.475528  0.809017 -0.345491  0.800000 -0.800000  0.474753  0.809713 -0.344928
 0.587785  0.809017 -0.000000  0.900000 -0.800000  0.586827  0.809713 -0.000000
 0.250000  0.951057 -0.181636  0.800000 -0.900000  0.249423  0.951288 -0.181216
 0.250000  0.951057 -0.181636  0.800000 -0.900000  0.249423  0.951288 -0.181216
 0.587785  0.809017 -0.000000  0.900000 -0.800000  0.586827  0.809713 -0.000000
 0.309017  0.951057 -0.000000  0.900000 -0.900000  0.308303  0.951288 -0.000000
 0.587785  0.809017 -0.000000  0.900000 -0.800000  0.586827  0.809713 -0.000000
 0.475528  0.809017  0.345492  1.000000 -0.800000  0.474753  0.809713  0.344928
 0.309017  0.951057 -0.000000  0.900000 -0.900000  0.308303  0.951288 -0.000000
 0.309017  0.951057 -0.000000  0.900000 -0.900000  0.308303  0.951288 -0.000000
 0.475528  0.809017  0.345492  1.000000 -0.800000  0.474753  0.809713  0.344928
 0.250000  0.951057  0.181636  1.000000 -0.900000  0.249423  0.951288  0.181216
 0.095491 -0.951057  0.293893  0.100000 -0.100000  0.095271 -0.951288  0.293214
 0.250000 -0.951057  0.181636  0.000000 -0.100000  0.249423 -0.951288  0.181216
 0.000000 -1.000000 -0.000000  0.050000 -0.000000 -0.000000 -1.000000  0.000000
-0.095492 -0.951057  0.293893  0.200000 -0.100000 -0.095271 -0.951288  0.293214
 0.095491 -0.951057  0.293893  0.100000 -0.100000  0.095271 -0.951288  0.293214
 0.000000 -1.000000 -0.000000  0.150000 -0.000000 -0.000000 -1.000000  0.000000
-0.250000 -0.951057  0.181636  0.300000 -0.100000 -0.249423 -0.951288  0.181216
-0.095492 -0.951057  0.293893  0.200000 -0.100000 -0.095271 -0.951288  0.293214
 0.000000 -1.000000 -0.000000  0.250000 -0.000000 -0.000000 -1.000000  0.000000
-0.309017 -0.951057 -0.000000  0.400000 -0.100000 -0.308303 -0.951288 -0.000000
-0.250000 -0.951057  0.181636  0.300000 -0.100000 -0.249423 -0.951288  0.181216
 0.000000 -1.000000 -0.000000  0.350000 -0.000000 -0.000000 -1.000000  0.000000
-0.250000 -0.951057 -0.181636  0.500000 -0.100000 -0.249423 -0.951288 -0.181216
-0.309017 -0.951057 -0.000000  0.400000 -0.100000 -0.308303 -0.951288 -0.000000
 0.000000 -1.000000 -0.000000  0.450000 -0.000000 -0.000000 -1.000000  0.000000
-0.095491 -0.951057 -0.293893  0.600000 -0.100000 -0.095271 -0.951288 -0.293214
-0.250000 -0.951057 -0.181636  0.500000 -0.100000 -0.249423 -0.951288 -0.181216
 0.000000 -1.000000 -0.000000  0.550000 -0.000000 -0.000000 -1.000000  0.000000
 0.095492 -0.951057 -0.293893  0.700000 -0.100000  0.095271 -0.951288 -0.293214
-0.095491 -0.951057 -0.293893  0.600000 -0.100000 -0.095271 -0.951288 -0.293214
 0.000000 -1.000000 -0.000000  0.650000 -0.000000 -0.000000 -1.000000  0.000000
 0.250000 -0.951057 -0.181636  0.800000 -0.100000  0.249423 -0.951288 -0.181216
 0.095492 -0.951057 -0.293893  0.700000 -0.100000  0.095271 -0.951288 -0.293214
 0.000000 -1.000000 -0.000000  0.750000 -0.000000 -0.000000 -1.000000  0.000000
 0.309017 -0.951057 -0.000000  0.900000 -0.100000  0.308303 -0.951288  0.000000
 0.250000 -0.951057 -0.181636  0.800000 -0.100000  0.249423 -0.951288 -0.181216
 0.000000 -1.000000 -0.000000  0.850000 -0.000000 -0.000000 -1.000000  0.000000
 0.250000 -0.951057  0.181636  1.000000 -0.100000  0.249423 -0.951288  0.181216
 0.309017 -0.951057 -0.000000  0.900000 -0.100000  0.308303 -0.951288  0.000000
 0.000000 -1.000000 -0.000000  0.950000 -0.000000 -0.000000 -1.000000  0.000000
 0.250000  0.951057  0.181636  0.000000 -0.900000  0.249423  0.951288  0.181216
 0.095491  0.951057  0.293893  0.100000 -0.900000  0.095271  0.951288  0.293214
 0.000000  1.000000 -0.000000  0.050000 -1.000000 -0.000000  1.000000  0.000000
 0.095491  0.951057  0.293893  0.100000 -0.900000  0.095271  0.951288  0.293214
-0.095492  0.951057  0.293893  0.200000 -0.900000 -0.095271  0.951288  0.293214
 0.000000  1.000000 -0.000000  0.150000 -1.000000 -0.000000  1.000000  0.000000
-0.095492  0.951057  0.293893  0.200000 -0.900000 -0.095271  0.951288  0.293214
-0.250000  0.951057  0.181636  0.300000 -0.900000 -0.249423  0.951288  0.181216
 0.000000  1.000000 -0.000000  0.250000 -1.000000 -0.000000  1.000000  0.000000
-0.250000  0.951057  0.181636  0.300000 -0.900000 -0.249423  0.951288  0.181216
-0.309017  0.951057 -0.000000  0.400000 -0.900000 -0.308303  0.951288 -0.000000
 0.000000  1.000000 -0.000000  0.350000 -1.000000 -0.000000  1.000000  0.000000
-0.309017  0.951057 -0.000000  0.400000 -0.900000 -0.308303  0.951288 -0.000000
-0.250000  0.951057 -0.181636  0.500000 -0.900000 -0.249423  0.951288 -0.181216
 0.000000  1.000000 -0.000000  0.450000 -1.000000 -0.000000  1.000000  0.000000
-0.250000  0.951057 -0.181636  0.500000 -0.900000 -0.249423  0.951288 -0.181216
-0.095491  0.951057 -0.293893  0.600000 -0.900000 -0.095271  0.951288 -0.293214
 0.000000  1.000000 -0.000000  0.550000 -1.000000 -0.000000  1.000000  0.000000
-0.095491  0.951057 -0.293893  0.600000 -0.900000 -0.095271  0.951288 -0.293214
 0.095492  0.951057 -0.293893  0.700000 -0.900000  0.095271  0.951288 -0.293214
 0.000000  1.000000 -0.000000  0.650000 -1.000000 -0.000000  1.000000  0.000000
 0.095492  0.951057 -0.293893  0.700000 -0.900000  0.095271  0.951288 -0.293214
 0.250000  0.951057 -0.181636  0.800000 -0.900000  0.249423  0.951288 -0.181216
 0.000000  1.000000 -0.000000  0.750000 -1.000000 -0.000000  1.000000  0.000000
 0.250000  0.951057 -0.181636  0.800000 -0.900000  0.249423  0.951288 -0.181216
 0.309017  0.951057 -0.000000  0.900000 -0.900000  0.308303  0.951288 -0.000000
 0.000000  1.000000 -0.000000  0.850000 -1.000000 -0.000000  1.000000  0.000000
 0.309017  0.951057 -0.000000  0.900000 -0.900000  0.308303  0.951288 -0.000000
 0.250000  0.951057  0.181636  1.000000 -0.900000  0.249423  0.951288  0.181216
 0.000000  1.000000 -0.000000  0.950000 -1.000000 -0.000000  1.000000  0.000000