420
 1.547987 -4.619398  1.124679  0.987447 -0.125000  0.337900 -0.818245  0.465079
 0.591278 -4.619398  1.819768  1.126711 -0.125000  0.337900 -0.818245  0.465080
 2.860307 -3.535534  2.078135  0.987447 -0.250000  0.337900 -0.818245  0.465080
 2.860307 -3.535534  2.078135  0.987447 -0.250000  0.337900 -0.818245  0.465080
 0.591278 -4.619398  1.819768  1.126711 -0.125000  0.337900 -0.818245  0.465080
 1.092540 -3.535534  3.362493  1.126711 -0.250000  0.337900 -0.818245  0.465080
 0.591278 -4.619398  1.819768  1.126711 -0.125000  0.000000 -0.818245  0.574869
-0.591279 -4.619398  1.819768  1.265976 -0.125000 -0.000000 -0.818245  0.574870
 1.092540 -3.535534  3.362493  1.126711 -0.250000 -0.000000 -0.818245  0.574870
 1.092540 -3.535534  3.362493  1.126711 -0.250000 -0.000000 -0.818245  0.574870
-0.591279 -4.619398  1.819768  1.265976 -0.125000 -0.000000 -0.818245  0.574870
-1.092541 -3.535534  3.362493  1.265976 -0.250000 -0.000000 -0.818245  0.574870
-0.591279 -4.619398  1.819768 -0.126667 -0.125000 -0.337900 -0.818245  0.465079
-1.547987 -4.619398  1.124678  0.012597 -0.125000 -0.337900 -0.818245  0.465079
-1.092541 -3.535534  3.362493 -0.126667 -0.250000 -0.337900 -0.818245  0.465079
-1.092541 -3.535534  3.362493 -0.126667 -0.250000 -0.337900 -0.818245  0.465079
-1.547987 -4.619398  1.124678  0.012597 -0.125000 -0.337900 -0.818245  0.465079
-2.860308 -3.535534  2.078135  0.012597 -0.250000 -0.337900 -0.818245  0.465080
-1.547987 -4.619398  1.124678  0.012597 -0.125000 -0.546734 -0.818245  0.177644
-1.913418 -4.619398 -0.000000  0.151861 -0.125000 -0.546734 -0.818245  0.177644
-2.860308 -3.535534  2.078135  0.012597 -0.250000 -0.546734 -0.818245  0.177644
-2.860308 -3.535534  2.078135  0.012597 -0.250000 -0.546734 -0.818245  0.177644
-1.913418 -4.619398 -0.000000  0.151861 -0.125000 -0.546734 -0.818245  0.177644
-3.535534 -3.535534 -0.000000  0.151861 -0.250000 -0.546734 -0.818245  0.177645
-1.913418 -4.619398 -0.000000  0.151861 -0.125000 -0.546734 -0.818245 -0.177645
-1.547987 -4.619398 -1.124679  0.291126 -0.125000 -0.546734 -0.818245 -0.177645
-3.535534 -3.535534 -0.000000  0.151861 -0.250000 -0.546734 -0.818245 -0.177645
-3.535534 -3.535534 -0.000000  0.151861 -0.250000 -0.546734 -0.818245 -0.177645
-1.547987 -4.619398 -1.124679  0.291126 -0.125000 -0.546734 -0.818245 -0.177645
-2.860307 -3.535534 -2.078135  0.291126 -0.250000 -0.546734 -0.818245 -0.177644
-1.547987 -4.619398 -1.124679  0.291126 -0.125000 -0.337900 -0.818245 -0.465080
-0.591278 -4.619398 -1.819768  0.430390 -0.125000 -0.337900 -0.818245 -0.465080
-2.860307 -3.535534 -2.078135  0.291126 -0.250000 -0.337900 -0.818245 -0.465080
-2.860307 -3.535534 -2.078135  0.291126 -0.250000 -0.337900 -0.818245 -0.465080
-0.591278 -4.619398 -1.819768  0.430390 -0.125000 -0.337900 -0.818245 -0.465080
-1.092540 -3.535534 -3.362493  0.430390 -0.250000 -0.337900 -0.818245 -0.465080
-0.591278 -4.619398 -1.819768  0.430390 -0.125000  0.000000 -0.818245 -0.574870
 0.591279 -4.619398 -1.819768  0.569654 -0.125000  0.000000 -0.818245 -0.574870
-1.092540 -3.535534 -3.362493  0.430390 -0.250000  0.000000 -0.818245 -0.574870
-1.092540 -3.535534 -3.362493  0.430390 -0.250000  0.000000 -0.818245 -0.574870
 0.591279 -4.619398 -1.819768  0.569654 -0.125000  0.000000 -0.818245 -0.574870
 1.092540 -3.535534 -3.362493  0.569654 -0.250000  0.000000 -0.818245 -0.574870
 0.591279 -4.619398 -1.819768  0.569654 -0.125000  0.337900 -0.818245 -0.465080
 1.547987 -4.619398 -1.124678  0.708919 -0.125000  0.337900 -0.818245 -0.465080
 1.092540 -3.535534 -3.362493  0.569654 -0.250000  0.337900 -0.818245 -0.465080
 1.092540 -3.535534 -3.362493  0.569654 -0.250000  0.337900 -0.818245 -0.465080
 1.547987 -4.619398 -1.124678  0.708919 -0.125000  0.337900 -0.818245 -0.465080
 2.860307 -3.535534 -2.078135  0.708919 -0.250000  0.337900 -0.818245 -0.465080
 1.547987 -4.619398 -1.124678  0.708919 -0.125000  0.546734 -0.818245 -0.177644
 1.913417 -4.619398 -0.000000  0.848183 -0.125000  0.546734 -0.818245 -0.177645
 2.860307 -3.535534 -2.078135  0.708919 -0.250000  0.546734 -0.818245 -0.177645
 2.860307 -3.535534 -2.078135  0.708919 -0.250000  0.546734 -0.818245 -0.177645
 1.913417 -4.619398 -0.000000  0.848183 -0.125000  0.546734 -0.818245 -0.177645
 3.535534 -3.535534 -0.000000  0.848183 -0.250000  0.546734 -0.818245 -0.177645
 1.913417 -4.619398 -0.000000  0.848183 -0.125000  0.546734 -0.818245  0.177645
 1.547987 -4.619398  1.124679  0.987447 -0.125000  0.546734 -0.818245  0.177645
 3.535534 -3.535534 -0.000000  0.848183 -0.250000  0.546734 -0.818245  0.177645
 3.535534 -3.535534 -0.000000  0.848183 -0.250000  0.546734 -0.818245  0.177645
 1.547987 -4.619398  1.124679  0.987447 -0.125000  0.546734 -0.818245  0.177645
 2.860307 -3.535534  2.078135  0.987447 -0.250000  0.546734 -0.818245  0.177644
 2.860307 -3.535534  2.078135  0.987447 -0.250000  0.496091 -0.536342  0.682811
 1.092540 -3.535534  3.362493  1.126711 -0.250000  0.496091 -0.536342  0.682811
 3.737171 -1.913417  2.715214  0.987447 -0.375000  0.496091 -0.536342  0.682811
 3.737171 -1.913417  2.715214  0.987447 -0.375000  0.496091 -0.536342  0.682811
 1.092540 -3.535534  3.362493  1.126711 -0.250000  0.496091 -0.536342  0.682811
 1.427472 -1.913417  4.393309  1.126711 -0.375000  0.496091 -0.536342  0.682811
 1.092540 -3.535534  3.362493  1.126711 -0.250000  0.000000 -0.536342  0.844001
-1.092541 -3.535534  3.362493  1.265976 -0.250000 -0.000000 -0.536342  0.844001
 1.427472 -1.913417  4.393309  1.126711 -0.375000 -0.000000 -0.536342  0.844001
 1.427472 -1.913417  4.393309  1.126711 -0.375000 -0.000000 -0.536342  0.844001
-1.092541 -3.535534  3.362493  1.265976 -0.250000 -0.000000 -0.536342  0.844001
-1.427473 -1.913417  4.393309  1.265976 -0.375000 -0.000000 -0.536342  0.844001
-1.092541 -3.535534  3.362493 -0.126667 -0.250000 -0.496091 -0.536342  0.682811
-2.860308 -3.535534  2.078135  0.012597 -0.250000 -0.496091 -0.536342  0.682811
-1.427473 -1.913417  4.393309 -0.126667 -0.375000 -0.496091 -0.536342  0.682811
-1.427473 -1.913417  4.393309 -0.126667 -0.375000 -0.496091 -0.536342  0.682811
-2.860308 -3.535534  2.078135  0.012597 -0.250000 -0.496091 -0.536342  0.682811
-3.737172 -1.913417  2.715214  0.012597 -0.375000 -0.496091 -0.536342  0.682811
-2.860308 -3.535534  2.078135  0.012597 -0.250000 -0.802693 -0.536342  0.260811
-3.535534 -3.535534 -0.000000  0.151861 -0.250000 -0.802693 -0.536342  0.260810
-3.737172 -1.913417  2.715214  0.012597 -0.375000 -0.802693 -0.536342  0.260810
-3.737172 -1.913417  2.715214  0.012597 -0.375000 -0.802693 -0.536342  0.260810
-3.535534 -3.535534 -0.000000  0.151861 -0.250000 -0.802693 -0.536342  0.260810
-4.619398 -1.913417 -0.000000  0.151861 -0.375000 -0.802692 -0.536342  0.260810
-3.535534 -3.535534 -0.000000  0.151861 -0.250000 -0.802692 -0.536342 -0.260811
-2.860307 -3.535534 -2.078135  0.291126 -0.250000 -0.802692 -0.536342 -0.260811
-4.619398 -1.913417 -0.000000  0.151861 -0.375000 -0.802692 -0.536342 -0.260811
-4.619398 -1.913417 -0.000000  0.151861 -0.375000 -0.802692 -0.536342 -0.260811
-2.860307 -3.535534 -2.078135  0.291126 -0.250000 -0.802692 -0.536342 -0.260811
-3.737171 -1.913417 -2.715214  0.291126 -0.375000 -0.802692 -0.536342 -0.260811
-2.860307 -3.535534 -2.078135  0.291126 -0.250000 -0.496091 -0.536342 -0.682811
-1.092540 -3.535534 -3.362493  0.430390 -0.250000 -0.496091 -0.536342 -0.682811
-3.737171 -1.913417 -2.715214  0.291126 -0.375000 -0.496091 -0.536342 -0.682811
-3.737171 -1.913417 -2.715214  0.291126 -0.375000 -0.496091 -0.536342 -0.682811
-1.092540 -3.535534 -3.362493  0.430390 -0.250000 -0.496091 -0.536342 -0.682811
-1.427472 -1.913417 -4.393309  0.430390 -0.375000 -0.496091 -0.536342 -0.682811
-1.092540 -3.535534 -3.362493  0.430390 -0.250000  0.000000 -0.536342 -0.844001
 1.092540 -3.535534 -3.362493  0.569654 -0.250000  0.000000 -0.536342 -0.844001
-1.427472 -1.913417 -4.393309  0.430390 -0.375000  0.000000 -0.536342 -0.844001
-1.427472 -1.913417 -4.393309  0.430390 -0.375000  0.000000 -0.536342 -0.844001
 1.092540 -3.535534 -3.362493  0.569654 -0.250000  0.000000 -0.536342 -0.844001
 1.427473 -1.913417 -4.393308  0.569654 -0.375000  0.000000 -0.536342 -0.844001
 1.092540 -3.535534 -3.362493  0.569654 -0.250000  0.496091 -0.536342 -0.682811
 2.860307 -3.535534 -2.078135  0.708919 -0.250000  0.496091 -0.536342 -0.682811
 1.427473 -1.913417 -4.393308  0.569654 -0.375000  0.496091 -0.536342 -0.682811
 1.427473 -1.913417 -4.393308  0.569654 -0.375000  0.496091 -0.536342 -0.682811
 2.860307 -3.535534 -2.078135  0.708919 -0.250000  0.496091 -0.536342 -0.682811
 3.737171 -1.913417 -2.715214  0.708919 -0.375000  0.496091 -0.536342 -0.682811
 2.860307 -3.535534 -2.078135  0.708919 -0.250000  0.802693 -0.536342 -0.260811
 3.535534 -3.535534 -0.000000  0.848183 -0.250000  0.802692 -0.536342 -0.260811
 3.737171 -1.913417 -2.715214  0.708919 -0.375000  0.802692 -0.536342 -0.260811
 3.737171 -1.913417 -2.715214  0.708919 -0.375000  0.802692 -0.536342 -0.260811
 3.535534 -3.535534 -0.000000  0.848183 -0.250000  0.802692 -0.536342 -0.260811
 4.619398 -1.913417 -0.000000  0.848183 -0.375000  0.802692 -0.536342 -0.260810
 3.535534 -3.535534 -0.000000  0.848183 -0.250000  0.802693 -0.536342  0.260810
 2.860307 -3.535534  2.078135  0.987447 -0.250000  0.802693 -0.536342  0.260810
 4.619398 -1.913417 -0.000000  0.848183 -0.375000  0.802693 -0.536342  0.260810
 4.619398 -1.913417 -0.000000  0.848183 -0.375000  0.802693 -0.536342  0.260810
 2.860307 -3.535534  2.078135  0.987447 -0.250000  0.802693 -0.536342  0.260810
 3.737171 -1.913417  2.715214  0.987447 -0.375000  0.802693 -0.536342  0.260810
 3.737171 -1.913417  2.715214  0.987447 -0.375000  0.577541 -0.185880  0.794918
 1.427472 -1.913417  4.393309  1.126711 -0.375000  0.577541 -0.185880  0.794918
 4.045085  0.000000  2.938927  0.987447 -0.500000  0.577541 -0.185880  0.794918
 4.045085  0.000000  2.938927  0.987447 -0.500000  0.577541 -0.185880  0.794918
 1.427472 -1.913417  4.393309  1.126711 -0.375000  0.577541 -0.185880  0.794918
 1.545085  0.000000  4.755283  1.126711 -0.500000  0.577541 -0.185880  0.794918
 1.427472 -1.913417  4.393309  1.126711 -0.375000  0.000000 -0.185880  0.982572
-1.427473 -1.913417  4.393309  1.265976 -0.375000  0.000000 -0.185880  0.982572
 1.545085  0.000000  4.755283  1.126711 -0.500000  0.000000 -0.185880  0.982572
 1.545085  0.000000  4.755283  1.126711 -0.500000  0.000000 -0.185880  0.982572
-1.427473 -1.913417  4.393309  1.265976 -0.375000  0.000000 -0.185880  0.982572
-1.545086  0.000000  4.755283  1.265976 -0.500000  0.000000 -0.185880  0.982572
-1.427473 -1.913417  4.393309 -0.126667 -0.375000 -0.577542 -0.185880  0.794918
-3.737172 -1.913417  2.715214  0.012597 -0.375000 -0.577542 -0.185880  0.794918
-1.545086  0.000000  4.755283 -0.126667 -0.500000 -0.577542 -0.185880  0.794918
-1.545086  0.000000  4.755283 -0.126667 -0.500000 -0.577542 -0.185880  0.794918
-3.737172 -1.913417  2.715214  0.012597 -0.375000 -0.577542 -0.185880  0.794918
-4.045086  0.000000  2.938926  0.012597 -0.500000 -0.577542 -0.185880  0.794918
-3.737172 -1.913417  2.715214  0.012597 -0.375000 -0.934482 -0.185880  0.303631
-4.619398 -1.913417 -0.000000  0.151861 -0.375000 -0.934482 -0.185880  0.303631
-4.045086  0.000000  2.938926  0.012597 -0.500000 -0.934482 -0.185880  0.303631
-4.045086  0.000000  2.938926  0.012597 -0.500000 -0.934482 -0.185880  0.303631
-4.619398 -1.913417 -0.000000  0.151861 -0.375000 -0.934482 -0.185880  0.303631
-5.000000  0.000000 -0.000000  0.151861 -0.500000 -0.934482 -0.185880  0.303631
-4.619398 -1.913417 -0.000000  0.151861 -0.375000 -0.934482 -0.185880 -0.303632
-3.737171 -1.913417 -2.715214  0.291126 -0.375000 -0.934482 -0.185880 -0.303632
-5.000000  0.000000 -0.000000  0.151861 -0.500000 -0.934482 -0.185880 -0.303632
-5.000000  0.000000 -0.000000  0.151861 -0.500000 -0.934482 -0.185880 -0.303632
-3.737171 -1.913417 -2.715214  0.291126 -0.375000 -0.934482 -0.185880 -0.303632
-4.045085  0.000000 -2.938927  0.291126 -0.500000 -0.934482 -0.185880 -0.303632
-3.737171 -1.913417 -2.715214  0.291126 -0.375000 -0.577542 -0.185880 -0.794918
-1.427472 -1.913417 -4.393309  0.430390 -0.375000 -0.577541 -0.185880 -0.794918
-4.045085  0.000000 -2.938927  0.291126 -0.500000 -0.577541 -0.185880 -0.794918
-4.045085  0.000000 -2.938927  0.291126 -0.500000 -0.577541 -0.185880 -0.794918
-1.427472 -1.913417 -4.393309  0.430390 -0.375000 -0.577541 -0.185880 -0.794918
-1.545085  0.000000 -4.755283  0.430390 -0.500000 -0.577541 -0.185880 -0.794918
-1.427472 -1.913417 -4.393309  0.430390 -0.375000  0.000000 -0.185880 -0.982572
 1.427473 -1.913417 -4.393308  0.569654 -0.375000  0.000000 -0.185880 -0.982572
-1.545085  0.000000 -4.755283  0.430390 -0.500000  0.000000 -0.185880 -0.982572
-1.545085  0.000000 -4.755283  0.430390 -0.500000  0.000000 -0.185880 -0.982572
 1.427473 -1.913417 -4.393308  0.569654 -0.375000  0.000000 -0.185880 -0.982572
 1.545085  0.000000 -4.755283  0.569654 -0.500000  0.000000 -0.185880 -0.982572
 1.427473 -1.913417 -4.393308  0.569654 -0.375000  0.577542 -0.185880 -0.794918
 3.737171 -1.913417 -2.715214  0.708919 -0.375000  0.577542 -0.185880 -0.794918
 1.545085  0.000000 -4.755283  0.569654 -0.500000  0.577542 -0.185880 -0.794918
 1.545085  0.000000 -4.755283  0.569654 -0.500000  0.577542 -0.185880 -0.794918
 3.737171 -1.913417 -2.715214  0.708919 -0.375000  0.577542 -0.185880 -0.794918
 4.045085  0.000000 -2.938926  0.708919 -0.500000  0.577542 -0.185880 -0.794918
 3.737171 -1.913417 -2.715214  0.708919 -0.375000  0.934482 -0.185879 -0.303632
 4.619398 -1.913417 -0.000000  0.848183 -0.375000  0.934482 -0.185880 -0.303632
 4.045085  0.000000 -2.938926  0.708919 -0.500000  0.934482 -0.185880 -0.303632
 4.045085  0.000000 -2.938926  0.708919 -0.500000  0.934482 -0.185880 -0.303632
 4.619398 -1.913417 -0.000000  0.848183 -0.375000  0.934482 -0.185880 -0.303632
 5.000000  0.000000 -0.000000  0.848183 -0.500000  0.934482 -0.185880 -0.303632
 4.619398 -1.913417 -0.000000  0.848183 -0.375000  0.934482 -0.185880  0.303631
 3.737171 -1.913417  2.715214  0.987447 -0.375000  0.934482 -0.185880  0.303631
 5.000000  0.000000 -0.000000  0.848183 -0.500000  0.934482 -0.185880  0.303631
 5.000000  0.000000 -0.000000  0.848183 -0.500000  0.934482 -0.185880  0.303631
 3.737171 -1.913417  2.715214  0.987447 -0.375000  0.934482 -0.185880  0.303631
 4.045085  0.000000  2.938927  0.987447 -0.500000  0.934482 -0.185881  0.303631
 4.045085  0.000000  2.938927  0.987447 -0.500000  0.577542  0.185880  0.794918
 1.545085  0.000000  4.755283  1.126711 -0.500000  0.577541  0.185880  0.794918
 3.737171  1.913417  2.715214  0.987447 -0.625000  0.577541  0.185880  0.794918
 3.737171  1.913417  2.715214  0.987447 -0.625000  0.577541  0.185880  0.794918
 1.545085  0.000000  4.755283  1.126711 -0.500000  0.577541  0.185880  0.794918
 1.427472  1.913417  4.393309  1.126711 -0.625000  0.577541  0.185880  0.794918
 1.545085  0.000000  4.755283  1.126711 -0.500000  0.000000  0.185880  0.982572
-1.545086  0.000000  4.755283  1.265976 -0.500000  0.000000  0.185880  0.982572
 1.427472  1.913417  4.393309  1.126711 -0.625000  0.000000  0.185880  0.982572
 1.427472  1.913417  4.393309  1.126711 -0.625000  0.000000  0.185880  0.982572
-1.545086  0.000000  4.755283  1.265976 -0.500000  0.000000  0.185880  0.982572
-1.427473  1.913417  4.393309  1.265976 -0.625000  0.000000  0.185880  0.982572
-1.545086  0.000000  4.755283 -0.126667 -0.500000 -0.577542  0.185880  0.794918
-4.045086  0.000000  2.938926  0.012597 -0.500000 -0.577542  0.185880  0.794918
-1.427473  1.913417  4.393309 -0.126667 -0.625000 -0.577542  0.185880  0.794918
-1.427473  1.913417  4.393309 -0.126667 -0.625000 -0.577542  0.185880  0.794918
-4.045086  0.000000  2.938926  0.012597 -0.500000 -0.577542  0.185880  0.794918
-3.737172  1.913417  2.715214  0.012597 -0.625000 -0.577542  0.185880  0.794918
-4.045086  0.000000  2.938926  0.012597 -0.500000 -0.934482  0.185879  0.303631
-5.000000  0.000000 -0.000000  0.151861 -0.500000 -0.934482  0.185880  0.303631
-3.737172  1.913417  2.715214  0.012597 -0.625000 -0.934482  0.185880  0.303631
-3.737172  1.913417  2.715214  0.012597 -0.625000 -0.934482  0.185880  0.303631
-5.000000  0.000000 -0.000000  0.151861 -0.500000 -0.934482  0.185880  0.303631
-4.619398  1.913417 -0.000000  0.151861 -0.625000 -0.934482  0.185880  0.303631
-5.000000  0.000000 -0.000000  0.151861 -0.500000 -0.934482  0.185880 -0.303632
-4.045085  0.000000 -2.938927  0.291126 -0.500000 -0.934482  0.185880 -0.303632
-4.619398  1.913417 -0.000000  0.151861 -0.625000 -0.934482  0.185880 -0.303632
-4.619398  1.913417 -0.000000  0.151861 -0.625000 -0.934482  0.185880 -0.303632
-4.045085  0.000000 -2.938927  0.291126 -0.500000 -0.934482  0.185880 -0.303632
-3.737171  1.913417 -2.715214  0.291126 -0.625000 -0.934482  0.185880 -0.303632
-4.045085  0.000000 -2.938927  0.291126 -0.500000 -0.577541  0.185880 -0.794918
-1.545085  0.000000 -4.755283  0.430390 -0.500000 -0.577542  0.185880 -0.794918
-3.737171  1.913417 -2.715214  0.291126 -0.625000 -0.577542  0.185880 -0.794918
-3.737171  1.913417 -2.715214  0.291126 -0.625000 -0.577542  0.185880 -0.794918
-1.545085  0.000000 -4.755283  0.430390 -0.500000 -0.577542  0.185880 -0.794918
-1.427472  1.913417 -4.393309  0.430390 -0.625000 -0.577542  0.185880 -0.794918
-1.545085  0.000000 -4.755283  0.430390 -0.500000  0.000000  0.185880 -0.982572
 1.545085  0.000000 -4.755283  0.569654 -0.500000  0.000000  0.185880 -0.982572
-1.427472  1.913417 -4.393309  0.430390 -0.625000  0.000000  0.185880 -0.982572
-1.427472  1.913417 -4.393309  0.430390 -0.625000  0.000000  0.185880 -0.982572
 1.545085  0.000000 -4.755283  0.569654 -0.500000  0.000000  0.185880 -0.982572
 1.427473  1.913417 -4.393308  0.569654 -0.625000  0.000000  0.185880 -0.982572
 1.545085  0.000000 -4.755283  0.569654 -0.500000  0.577542  0.185880 -0.794918
 4.045085  0.000000 -2.938926  0.708919 -0.500000  0.577542  0.185880 -0.794918
 1.427473  1.913417 -4.393308  0.569654 -0.625000  0.577542  0.185880 -0.794918
 1.427473  1.913417 -4.393308  0.569654 -0.625000  0.577542  0.185880 -0.794918
 4.045085  0.000000 -2.938926  0.708919 -0.500000  0.577542  0.185880 -0.794918
 3.737171  1.913417 -2.715214  0.708919 -0.625000  0.577542  0.185880 -0.794918
 4.045085  0.000000 -2.938926  0.708919 -0.500000  0.934482  0.185880 -0.303632
 5.000000  0.000000 -0.000000  0.848183 -0.500000  0.934482  0.185880 -0.303632
 3.737171  1.913417 -2.715214  0.708919 -0.625000  0.934482  0.185880 -0.303632
 3.737171  1.913417 -2.715214  0.708919 -0.625000  0.934482  0.185880 -0.303632
 5.000000  0.000000 -0.000000  0.848183 -0.500000  0.934482  0.185880 -0.303632
 4.619398  1.913417 -0.000000  0.848183 -0.625000  0.934482  0.185880 -0.303632
 5.000000  0.000000 -0.000000  0.848183 -0.500000  0.934482  0.185880  0.303631
 4.045085  0.000000  2.938927  0.987447 -0.500000  0.934482  0.185880  0.303631
 4.619398  1.913417 -0.000000  0.848183 -0.625000  0.934482  0.185880  0.303631
 4.619398  1.913417 -0.000000  0.848183 -0.625000  0.934482  0.185880  0.303631
 4.045085  0.000000  2.938927  0.987447 -0.500000  0.934482  0.185880  0.303631
 3.737171  1.913417  2.715214  0.987447 -0.625000  0.934482  0.185880  0.303631
 3.737171  1.913417  2.715214  0.987447 -0.625000  0.496091  0.536342  0.682811
 1.427472  1.913417  4.393309  1.126711 -0.625000  0.496091  0.536342  0.682811
 2.860307  3.535534  2.078135  0.987447 -0.750000  0.496091  0.536342  0.682811
 2.860307  3.535534  2.078135  0.987447 -0.750000  0.496091  0.536342  0.682811
 1.427472  1.913417  4.393309  1.126711 -0.625000  0.496091  0.536342  0.682811
 1.092540  3.535534  3.362493  1.126711 -0.750000  0.496091  0.536342  0.682811
 1.427472  1.913417  4.393309  1.126711 -0.625000  0.000000  0.536342  0.844001
-1.427473  1.913417  4.393309  1.265976 -0.625000 -0.000000  0.536342  0.844001
 1.092540  3.535534  3.362493  1.126711 -0.750000 -0.000000  0.536342  0.844001
 1.092540  3.535534  3.362493  1.126711 -0.750000 -0.000000  0.536342  0.844001
-1.427473  1.913417  4.393309  1.265976 -0.625000 -0.000000  0.536342  0.844001
-1.092541  3.535534  3.362493  1.265976 -0.750000 -0.000000  0.536342  0.844001
-1.427473  1.913417  4.393309 -0.126667 -0.625000 -0.496091  0.536342  0.682811
-3.737172  1.913417  2.715214  0.012597 -0.625000 -0.496091  0.536342  0.682811
-1.092541  3.535534  3.362493 -0.126667 -0.750000 -0.496091  0.536342  0.682811
-1.092541  3.535534  3.362493 -0.126667 -0.750000 -0.496091  0.536342  0.682811
-3.737172  1.913417  2.715214  0.012597 -0.625000 -0.496091  0.536342  0.682811
-2.860308  3.535534  2.078135  0.012597 -0.750000 -0.496091  0.536342  0.682811
-3.737172  1.913417  2.715214  0.012597 -0.625000 -0.802692  0.536342  0.260810
-4.619398  1.913417 -0.000000  0.151861 -0.625000 -0.802693  0.536342  0.260810
-2.860308  3.535534  2.078135  0.012597 -0.750000 -0.802693  0.536342  0.260810
-2.860308  3.535534  2.078135  0.012597 -0.750000 -0.802693  0.536342  0.260810
-4.619398  1.913417 -0.000000  0.151861 -0.625000 -0.802693  0.536342  0.260810
-3.535534  3.535534 -0.000000  0.151861 -0.750000 -0.802693  0.536342  0.260810
-4.619398  1.913417 -0.000000  0.151861 -0.625000 -0.802693  0.536342 -0.260811
-3.737171  1.913417 -2.715214  0.291126 -0.625000 -0.802693  0.536342 -0.260811
-3.535534  3.535534 -0.000000  0.151861 -0.750000 -0.802693  0.536342 -0.260811
-3.535534  3.535534 -0.000000  0.151861 -0.750000 -0.802693  0.536342 -0.260811
-3.737171  1.913417 -2.715214  0.291126 -0.625000 -0.802693  0.536342 -0.260811
-2.860307  3.535534 -2.078135  0.291126 -0.750000 -0.802692  0.536342 -0.260811
-3.737171  1.913417 -2.715214  0.291126 -0.625000 -0.496091  0.536342 -0.682811
-1.427472  1.913417 -4.393309  0.430390 -0.625000 -0.496091  0.536342 -0.682811
-2.860307  3.535534 -2.078135  0.291126 -0.750000 -0.496091  0.536342 -0.682811
-2.860307  3.535534 -2.078135  0.291126 -0.750000 -0.496091  0.536342 -0.682811
-1.427472  1.913417 -4.393309  0.430390 -0.625000 -0.496091  0.536342 -0.682811
-1.092540  3.535534 -3.362493  0.430390 -0.750000 -0.496091  0.536342 -0.682811
-1.427472  1.913417 -4.393309  0.430390 -0.625000  0.000000  0.536342 -0.844001
 1.427473  1.913417 -4.393308  0.569654 -0.625000  0.000000  0.536342 -0.844001
-1.092540  3.535534 -3.362493  0.430390 -0.750000  0.000000  0.536342 -0.844001
-1.092540  3.535534 -3.362493  0.430390 -0.750000  0.000000  0.536342 -0.844001
 1.427473  1.913417 -4.393308  0.569654 -0.625000  0.000000  0.536342 -0.844001
 1.092540  3.535534 -3.362493  0.569654 -0.750000  0.000000  0.536342 -0.844001
 1.427473  1.913417 -4.393308  0.569654 -0.625000  0.496091  0.536342 -0.682811
 3.737171  1.913417 -2.715214  0.708919 -0.625000  0.496091  0.536342 -0.682811
 1.092540  3.535534 -3.362493  0.569654 -0.750000  0.496091  0.536342 -0.682811
 1.092540  3.535534 -3.362493  0.569654 -0.750000  0.496091  0.536342 -0.682811
 3.737171  1.913417 -2.715214  0.708919 -0.625000  0.496091  0.536342 -0.682811
 2.860307  3.535534 -2.078135  0.708919 -0.750000  0.496091  0.536342 -0.682811
 3.737171  1.913417 -2.715214  0.708919 -0.625000  0.802692  0.536342 -0.260811
 4.619398  1.913417 -0.000000  0.848183 -0.625000  0.802692  0.536342 -0.260811
 2.860307  3.535534 -2.078135  0.708919 -0.750000  0.802692  0.536342 -0.260811
 2.860307  3.535534 -2.078135  0.708919 -0.750000  0.802692  0.536342 -0.260811
 4.619398  1.913417 -0.000000  0.848183 -0.625000  0.802692  0.536342 -0.260811
 3.535534  3.535534 -0.000000  0.848183 -0.750000  0.802692  0.536342 -0.260811
 4.619398  1.913417 -0.000000  0.848183 -0.625000  0.802692  0.536342  0.260810
 3.737171  1.913417  2.715214  0.987447 -0.625000  0.802693  0.536342  0.260810
 3.535534  3.535534 -0.000000  0.848183 -0.750000  0.802693  0.536342  0.260810
 3.535534  3.535534 -0.000000  0.848183 -0.750000  0.802693  0.536342  0.260810
 3.737171  1.913417  2.715214  0.987447 -0.625000  0.802693  0.536342  0.260810
 2.860307  3.535534  2.078135  0.987447 -0.750000  0.802693  0.536342  0.260811
 2.860307  3.535534  2.078135  0.987447 -0.750000  0.337900  0.818245  0.465080
 1.092540  3.535534  3.362493  1.126711 -0.750000  0.337900  0.818245  0.465080
 1.547987  4.619398  1.124679  0.987447 -0.875000  0.337900  0.818245  0.465080
 1.547987  4.619398  1.124679  0.987447 -0.875000  0.337900  0.818245  0.465080
 1.092540  3.535534  3.362493  1.126711 -0.750000  0.337900  0.818245  0.465080
 0.591278  4.619398  1.819768  1.126711 -0.875000  0.337900  0.818245  0.465079
 1.092540  3.535534  3.362493  1.126711 -0.750000  0.000000  0.818245  0.574870
-1.092541  3.535534  3.362493  1.265976 -0.750000 -0.000000  0.818245  0.574870
 0.591278  4.619398  1.819768  1.126711 -0.875000 -0.000000  0.818245  0.574870
 0.591278  4.619398  1.819768  1.126711 -0.875000 -0.000000  0.818245  0.574870
-1.092541  3.535534  3.362493  1.265976 -0.750000 -0.000000  0.818245  0.574870
-0.591279  4.619398  1.819768  1.265976 -0.875000 -0.000000  0.818245  0.574869
-1.092541  3.535534  3.362493 -0.126667 -0.750000 -0.337900  0.818245  0.465080
-2.860308  3.535534  2.078135  0.012597 -0.750000 -0.337900  0.818245  0.465079
-0.591279  4.619398  1.819768 -0.126667 -0.875000 -0.337900  0.818245  0.465079
-0.591279  4.619398  1.819768 -0.126667 -0.875000 -0.337900  0.818245  0.465079
-2.860308  3.535534  2.078135  0.012597 -0.750000 -0.337900  0.818245  0.465079
-1.547987  4.619398  1.124678  0.012597 -0.875000 -0.337900  0.818245  0.465079
-2.860308  3.535534  2.078135  0.012597 -0.750000 -0.546734  0.818245  0.177644
-3.535534  3.535534 -0.000000  0.151861 -0.750000 -0.546734  0.818245  0.177644
-1.547987  4.619398  1.124678  0.012597 -0.875000 -0.546734  0.818245  0.177644
-1.547987  4.619398  1.124678  0.012597 -0.875000 -0.546734  0.818245  0.177644
-3.535534  3.535534 -0.000000  0.151861 -0.750000 -0.546734  0.818245  0.177644
-1.913418  4.619398 -0.000000  0.151861 -0.875000 -0.546734  0.818245  0.177645
-3.535534  3.535534 -0.000000  0.151861 -0.750000 -0.546734  0.818245 -0.177645
-2.860307  3.535534 -2.078135  0.291126 -0.750000 -0.546734  0.818245 -0.177645
-1.913418  4.619398 -0.000000  0.151861 -0.875000 -0.546734  0.818245 -0.177645
-1.913418  4.619398 -0.000000  0.151861 -0.875000 -0.546734  0.818245 -0.177645
-2.860307  3.535534 -2.078135  0.291126 -0.750000 -0.546734  0.818245 -0.177645
-1.547987  4.619398 -1.124679  0.291126 -0.875000 -0.546734  0.818245 -0.177645
-2.860307  3.535534 -2.078135  0.291126 -0.750000 -0.337900  0.818245 -0.465080
-1.092540  3.535534 -3.362493  0.430390 -0.750000 -0.337900  0.818245 -0.465080
-1.547987  4.619398 -1.124679  0.291126 -0.875000 -0.337900  0.818245 -0.465080
-1.547987  4.619398 -1.124679  0.291126 -0.875000 -0.337900  0.818245 -0.465080
-1.092540  3.535534 -3.362493  0.430390 -0.750000 -0.337900  0.818245 -0.465080
-0.591278  4.619398 -1.819768  0.430390 -0.875000 -0.337900  0.818245 -0.465079
-1.092540  3.535534 -3.362493  0.430390 -0.750000  0.000000  0.818245 -0.574870
 1.092540  3.535534 -3.362493  0.569654 -0.750000  0.000000  0.818245 -0.574870
-0.591278  4.619398 -1.819768  0.430390 -0.875000  0.000000  0.818245 -0.574870
-0.591278  4.619398 -1.819768  0.430390 -0.875000  0.000000  0.818245 -0.574870
 1.092540  3.535534 -3.362493  0.569654 -0.750000  0.000000  0.818245 -0.574870
 0.591279  4.619398 -1.819768  0.569654 -0.875000  0.000000  0.818245 -0.574870
 1.092540  3.535534 -3.362493  0.569654 -0.750000  0.337900  0.818245 -0.465080
 2.860307  3.535534 -2.078135  0.708919 -0.750000  0.337900  0.818245 -0.465080
 0.591279  4.619398 -1.819768  0.569654 -0.875000  0.337900  0.818245 -0.465080
 0.591279  4.619398 -1.819768  0.569654 -0.875000  0.337900  0.818245 -0.465080
 2.860307  3.535534 -2.078135  0.708919 -0.750000  0.337900  0.818245 -0.465080
 1.547987  4.619398 -1.124678  0.708919 -0.875000  0.337900  0.818245 -0.465079
 2.860307  3.535534 -2.078135  0.708919 -0.750000  0.546734  0.818245 -0.177645
 3.535534  3.535534 -0.000000  0.848183 -0.750000  0.546734  0.818245 -0.177645
 1.547987  4.619398 -1.124678  0.708919 -0.875000  0.546734  0.818245 -0.177645
 1.547987  4.619398 -1.124678  0.708919 -0.875000  0.546734  0.818245 -0.177645
 3.535534  3.535534 -0.000000  0.848183 -0.750000  0.546734  0.818245 -0.177645
 1.913417  4.619398 -0.000000  0.848183 -0.875000  0.546734  0.818245 -0.177645
 3.535534  3.535534 -0.000000  0.848183 -0.750000  0.546734  0.818245  0.177644
 2.860307  3.535534  2.078135  0.987447 -0.750000  0.546734  0.818245  0.177644
 1.913417  4.619398 -0.000000  0.848183 -0.875000  0.546734  0.818245  0.177644
 1.913417  4.619398 -0.000000  0.848183 -0.875000  0.546734  0.818245  0.177644
 2.860307  3.535534  2.078135  0.987447 -0.750000  0.546734  0.818245  0.177644
 1.547987  4.619398  1.124679  0.987447 -0.875000  0.546734  0.818245  0.177644
 0.591278 -4.619398  1.819768  1.126711 -0.125000  0.120331 -0.978821  0.165621
 1.547987 -4.619398  1.124679  0.987447 -0.125000  0.120331 -0.978821  0.165621
 0.000000 -5.000000 -0.000000  0.674103 -0.000000  0.120331 -0.978821  0.165621
-0.591279 -4.619398  1.819768  1.265976 -0.125000 -0.000000 -0.978821  0.204720
 0.591278 -4.619398  1.819768  1.126711 -0.125000 -0.000000 -0.978821  0.204720
 0.000000 -5.000000 -0.000000  0.674103 -0.000000 -0.000000 -0.978821  0.204720
-1.547987 -4.619398  1.124678  0.012597 -0.125000 -0.120331 -0.978821  0.165622
-0.591279 -4.619398  1.819768  1.265976 -0.125000 -0.120331 -0.978821  0.165622
 0.000000 -5.000000 -0.000000  0.674103 -0.000000 -0.120331 -0.978821  0.165622
-1.913418 -4.619398 -0.000000  0.151861 -0.125000 -0.194700 -0.978821  0.063262
-1.547987 -4.619398  1.124678  0.012597 -0.125000 -0.194700 -0.978821  0.063262
 0.000000 -5.000000 -0.000000  0.674103 -0.000000 -0.194700 -0.978821  0.063262
-1.547987 -4.619398 -1.124679  0.291126 -0.125000 -0.194700 -0.978821 -0.063262
-1.913418 -4.619398 -0.000000  0.151861 -0.125000 -0.194700 -0.978821 -0.063262
 0.000000 -5.000000 -0.000000  0.674103 -0.000000 -0.194700 -0.978821 -0.063262
-0.591278 -4.619398 -1.819768  0.430390 -0.125000 -0.120331 -0.978821 -0.165621
-1.547987 -4.619398 -1.124679  0.291126 -0.125000 -0.120331 -0.978821 -0.165621
 0.000000 -5.000000 -0.000000  0.674103 -0.000000 -0.120331 -0.978821 -0.165621
 0.591279 -4.619398 -1.819768  0.569654 -0.125000  0.000000 -0.978821 -0.204720
-0.591278 -4.619398 -1.819768  0.430390 -0.125000  0.000000 -0.978821 -0.204720
 0.000000 -5.000000 -0.000000  0.674103 -0.000000  0.000000 -0.978821 -0.204720
 1.547987 -4.619398 -1.124678  0.708919 -0.125000  0.120331 -0.978821 -0.165621
 0.591279 -4.619398 -1.819768  0.569654 -0.125000  0.120331 -0.978821 -0.165621
 0.000000 -5.000000 -0.000000  0.674103 -0.000000  0.120331 -0.978821 -0.165621
 1.913417 -4.619398 -0.000000  0.848183 -0.125000  0.194700 -0.978821 -0.063262
 1.547987 -4.619398 -1.124678  0.708919 -0.125000  0.194700 -0.978821 -0.063262
 0.000000 -5.000000 -0.000000  0.674103 -0.000000  0.194700 -0.978821 -0.063262
 1.547987 -4.619398  1.124679  0.987447 -0.125000  0.194700 -0.978821  0.063262
 1.913417 -4.619398 -0.000000  0.848183 -0.125000  0.194700 -0.978821  0.063262
 0.000000 -5.000000 -0.000000  0.674103 -0.000000  0.194700 -0.978821  0.063262
 1.547987  4.619398  1.124679  0.987447 -0.875000  0.120331  0.978821  0.165621
 0.591278  4.619398  1.819768  1.126711 -0.875000  0.120331  0.978821  0.165621
 0.000000  5.000000 -0.000000  0.674103 -1.000000  0.120331  0.978821  0.165621
 0.591278  4.619398  1.819768  1.126711 -0.875000 -0.000000  0.978821  0.204720
-0.591279  4.619398  1.819768  1.265976 -0.875000 -0.000000  0.978821  0.204720
 0.000000  5.000000 -0.000000  0.674103 -1.000000 -0.000000  0.978821  0.204720
-0.591279  4.619398  1.819768  1.265976 -0.875000 -0.120331  0.978821  0.165622
-1.547987  4.619398  1.124678  1.405240 -0.875000 -0.120331  0.978821  0.165622
 0.000000  5.000000 -0.000000  0.674103 -1.000000 -0.120331  0.978821  0.165622
-1.547987  4.619398  1.124678  0.012597 -0.875000 -0.194700  0.978821  0.063262
-1.913418  4.619398 -0.000000  0.151861 -0.875000 -0.194700  0.978821  0.063262
 0.000000  5.000000 -0.000000  0.674103 -1.000000 -0.194700  0.978821  0.063262
-1.913418  4.619398 -0.000000  0.151861 -0.875000 -0.194700  0.978821 -0.063262
-1.547987  4.619398 -1.124679  0.291126 -0.875000 -0.194700  0.978821 -0.063262
 0.000000  5.000000 -0.000000  0.674103 -1.000000 -0.194700  0.978821 -0.063262
-1.547987  4.619398 -1.124679  0.291126 -0.875000 -0.120331  0.978821 -0.165622
-0.591278  4.619398 -1.819768  0.430390 -0.875000 -0.120331  0.978821 -0.165622
 0.000000  5.000000 -0.000000  0.674103 -1.000000 -0.120331  0.978821 -0.165622
-0.591278  4.619398 -1.819768  0.430390 -0.875000  0.000000  0.978821 -0.204720
 0.591279  4.619398 -1.819768  0.569654 -0.875000  0.000000  0.978821 -0.204720
 0.000000  5.000000 -0.000000  0.674103 -1.000000  0.000000  0.978821 -0.204720
 0.591279  4.619398 -1.819768  0.569654 -0.875000  0.120331  0.978821 -0.165621
 1.547987  4.619398 -1.124678  0.708919 -0.875000  0.120331  0.978821 -0.165621
 0.000000  5.000000 -0.000000  0.674103 -1.000000  0.120331  0.978821 -0.165621
 1.547987  4.619398 -1.124678  0.708919 -0.875000  0.194700  0.978821 -0.063262
 1.913417  4.619398 -0.000000  0.848183 -0.875000  0.194700  0.978821 -0.063262
 0.000000  5.000000 -0.000000  0.674103 -1.000000  0.194700  0.978821 -0.063262
 1.913417  4.619398 -0.000000  0.848183 -0.875000  0.194700  0.978821  0.063263
 1.547987  4.619398  1.124679  0.987447 -0.875000  0.194700  0.978821  0.063263
 0.000000  5.000000 -0.000000  0.674103 -1.000000  0.194700  0.978821  0.063263