36
-0.5 -0.5 -0.5 0.375 -0 -0.5 -0.5 -0
0.5 -0.5 -0.5 0.625 -0 0.333333 -0.333333 -0.333333
-0.5 0.5 -0.5 0.375 -0.25 -0.333333 0.333333 -0.333333
-0.5 0.5 -0.5 0.375 -0.25 -0.333333 0.333333 -0.333333
0.5 -0.5 -0.5 0.625 -0 0.333333 -0.333333 -0.333333
0.5 0.5 -0.5 0.625 -0.25 0.5 0.5 -0
-0.5 0.5 -0.5 0.375 -0.25 -0.333333 0.333333 -0.333333
0.5 0.5 -0.5 0.625 -0.25 0.5 0.5 -0
-0.5 0.5 0.5 0.375 -0.5 -0.5 0.25 0.25
-0.5 0.5 0.5 0.375 -0.5 -0.5 0.25 0.25
0.5 0.5 -0.5 0.625 -0.25 0.5 0.5 -0
0.5 0.5 0.5 0.625 -0.5 0.333333 0 0.666667
-0.5 0.5 0.5 0.375 -0.5 -0.5 0.25 0.25
0.5 0.5 0.5 0.625 -0.5 0.333333 0 0.666667
-0.5 -0.5 0.5 0.375 -0.75 -0.333333 -0.333333 0.333333
-0.5 -0.5 0.5 0.375 -0.75 -0.333333 -0.333333 0.333333
0.5 0.5 0.5 0.625 -0.5 0.333333 0 0.666667
0.5 -0.5 0.5 0.625 -0.75 0.5 -0.5 0
-0.5 -0.5 0.5 0.375 -0.75 -0.333333 -0.333333 0.333333
0.5 -0.5 0.5 0.625 -0.75 0.5 -0.5 0
-0.5 -0.5 -0.5 0.375 -1 -0.5 -0.5 -0
-0.5 -0.5 -0.5 0.375 -1 -0.5 -0.5 -0
0.5 -0.5 0.5 0.625 -0.75 0.5 -0.5 0
0.5 -0.5 -0.5 0.625 -1 0.333333 -0.333333 -0.333333
0.5 -0.5 -0.5 0.625 -0 0.333333 -0.333333 -0.333333
0.5 -0.5 0.5 0.875 -0 0.5 -0.5 0
0.5 0.5 -0.5 0.625 -0.25 0.5 0.5 -0
0.5 0.5 -0.5 0.625 -0.25 0.5 0.5 -0
0.5 -0.5 0.5 0.875 -0 0.5 -0.5 0
0.5 0.5 0.5 0.875 -0.25 0.333333 0 0.666667
-0.5 -0.5 0.5 0.125 -0 -0.333333 -0.333333 0.333333
-0.5 -0.5 -0.5 0.375 -0 -0.5 -0.5 -0
-0.5 0.5 0.5 0.125 -0.25 -0.5 0.25 0.25
-0.5 0.5 0.5 0.125 -0.25 -0.5 0.25 0.25
-0.5 -0.5 -0.5 0.375 -0 -0.5 -0.5 -0
-0.5 0.5 -0.5 0.375 -0.25 -0.333333 0.333333 -0.333333
